family_size	count	fraction	fraction_gt_or_eq_family_size
1	30086473	0.70356	1
2	8174687	0.191162	0.29644
3	2454899	0.057407	0.105279
4	896515	0.020965	0.047872
5	410860	0.009608	0.026907
6	208172	0.004868	0.017299
7	141249	0.003303	0.012431
8	87246	0.00204	0.009128
9	62244	0.001456	0.007088
10	45576	0.001066	0.005633
11	34216	0.0008	0.004567
12	24578	0.000575	0.003767
13	21183	0.000495	0.003192
14	15921	0.000372	0.002697
15	12649	0.000296	0.002324
16	10570	0.000247	0.002028
17	8740	0.000204	0.001781
18	7029	0.000164	0.001577
19	6149	0.000144	0.001413
20	5282	0.000124	0.001269
21	4410	0.000103	0.001145
22	3730	0.000087	0.001042
23	3332	0.000078	0.000955
24	2992	0.00007	0.000877
25	2512	0.000059	0.000807
26	2214	0.000052	0.000748
27	2002	0.000047	0.000697
28	1788	0.000042	0.00065
29	1633	0.000038	0.000608
30	1413	0.000033	0.00057
31	1279	0.00003	0.000537
32	1153	0.000027	0.000507
33	1026	0.000024	0.00048
34	1034	0.000024	0.000456
35	856	0.00002	0.000432
36	806	0.000019	0.000412
37	781	0.000018	0.000393
38	701	0.000016	0.000374
39	636	0.000015	0.000358
40	579	0.000014	0.000343
41	502	0.000012	0.00033
42	502	0.000012	0.000318
43	470	0.000011	0.000306
44	411	9.61106E-6	0.000295
45	401	9.37722E-6	0.000286
46	368	8.60553E-6	0.000276
47	360	8.41845E-6	0.000268
48	329	7.69353E-6	0.000259
49	323	7.55322E-6	0.000252
50	279	6.5243E-6	0.000244
51	272	6.36061E-6	0.000237
52	232	5.42522E-6	0.000231
53	212	4.95753E-6	0.000226
54	224	5.23815E-6	0.000221
55	193	4.51322E-6	0.000215
56	204	4.77046E-6	0.000211
57	181	4.23261E-6	0.000206
58	172	4.02215E-6	0.000202
59	169	3.95199E-6	0.000198
60	150	3.50769E-6	0.000194
61	169	3.95199E-6	0.00019
62	146	3.41415E-6	0.000186
63	144	3.36738E-6	0.000183
64	110	2.5723E-6	0.00018
65	146	3.41415E-6	0.000177
66	138	3.22707E-6	0.000174
67	139	3.25046E-6	0.00017
68	124	2.89969E-6	0.000167
69	92	2.15138E-6	0.000164
70	110	2.5723E-6	0.000162
71	88	2.05784E-6	0.00016
72	80	1.87077E-6	0.000158
73	75	1.75384E-6	0.000156
74	95	2.22154E-6	0.000154
75	68	1.59015E-6	0.000152
76	83	1.94092E-6	0.00015
77	78	1.824E-6	0.000148
78	70	1.63692E-6	0.000146
79	59	1.37969E-6	0.000145
80	66	1.54338E-6	0.000143
81	68	1.59015E-6	0.000142
82	76	1.77723E-6	0.00014
83	67	1.56677E-6	0.000138
84	72	1.68369E-6	0.000137
85	67	1.56677E-6	0.000135
86	57	1.33292E-6	0.000134
87	53	1.23938E-6	0.000132
88	51	1.19261E-6	0.000131
89	49	1.14584E-6	0.00013
90	57	1.33292E-6	0.000129
91	44	1.02892E-6	0.000127
92	41	9.58768E-7	0.000126
93	49	1.14584E-6	0.000125
94	56	1.30954E-6	0.000124
95	54	1.26277E-6	0.000123
96	42	9.82153E-7	0.000122
97	40	9.35383E-7	0.000121
98	32	7.48307E-7	0.00012
99	41	9.58768E-7	0.000119
100	32	7.48307E-7	0.000118
101	42	9.82153E-7	0.000117
102	43	1.00554E-6	0.000116
103	31	7.24922E-7	0.000115
104	45	1.05231E-6	0.000115
105	30	7.01538E-7	0.000114
106	39	9.11999E-7	0.000113
107	34	7.95076E-7	0.000112
108	33	7.71691E-7	0.000111
109	38	8.88614E-7	0.00011
110	21	4.91076E-7	0.000109
111	35	8.1846E-7	0.000109
112	35	8.1846E-7	0.000108
113	29	6.78153E-7	0.000107
114	22	5.14461E-7	0.000107
115	25	5.84615E-7	0.000106
116	24	5.6123E-7	0.000106
117	33	7.71691E-7	0.000105
118	22	5.14461E-7	0.000104
119	24	5.6123E-7	0.000104
120	23	5.37845E-7	0.000103
121	17	3.97538E-7	0.000103
122	21	4.91076E-7	0.000102
123	26	6.07999E-7	0.000102
124	36	8.41845E-7	0.000101
125	24	5.6123E-7	0.0001
126	34	7.95076E-7	0.0001
127	19	4.44307E-7	0.000099
128	18	4.20923E-7	0.000098
129	16	3.74153E-7	0.000098
130	19	4.44307E-7	0.000098
131	16	3.74153E-7	0.000097
132	29	6.78153E-7	0.000097
133	18	4.20923E-7	0.000096
134	23	5.37845E-7	0.000096
135	21	4.91076E-7	0.000095
136	18	4.20923E-7	0.000095
137	21	4.91076E-7	0.000094
138	24	5.6123E-7	0.000094
139	20	4.67692E-7	0.000093
140	17	3.97538E-7	0.000093
141	20	4.67692E-7	0.000092
142	17	3.97538E-7	0.000092
143	18	4.20923E-7	0.000092
144	19	4.44307E-7	0.000091
145	16	3.74153E-7	0.000091
146	13	3.04E-7	0.00009
147	13	3.04E-7	0.00009
148	15	3.50769E-7	0.00009
149	16	3.74153E-7	0.000089
150	15	3.50769E-7	0.000089
151	17	3.97538E-7	0.000089
152	20	4.67692E-7	0.000088
153	9	2.10461E-7	0.000088
154	21	4.91076E-7	0.000088
155	13	3.04E-7	0.000087
156	14	3.27384E-7	0.000087
157	10	2.33846E-7	0.000086
158	7	1.63692E-7	0.000086
159	13	3.04E-7	0.000086
160	8	1.87077E-7	0.000086
161	19	4.44307E-7	0.000086
162	10	2.33846E-7	0.000085
163	7	1.63692E-7	0.000085
164	12	2.80615E-7	0.000085
165	6	1.40308E-7	0.000084
166	8	1.87077E-7	0.000084
167	5	1.16923E-7	0.000084
168	9	2.10461E-7	0.000084
169	10	2.33846E-7	0.000084
170	7	1.63692E-7	0.000084
171	13	3.04E-7	0.000083
172	4	9.35383E-8	0.000083
173	14	3.27384E-7	0.000083
174	7	1.63692E-7	0.000083
175	17	3.97538E-7	0.000082
176	4	9.35383E-8	0.000082
177	14	3.27384E-7	0.000082
178	8	1.87077E-7	0.000082
179	18	4.20923E-7	0.000081
180	8	1.87077E-7	0.000081
181	14	3.27384E-7	0.000081
182	8	1.87077E-7	0.000081
183	5	1.16923E-7	0.00008
184	11	2.5723E-7	0.00008
185	13	3.04E-7	0.00008
186	6	1.40308E-7	0.00008
187	10	2.33846E-7	0.00008
188	8	1.87077E-7	0.000079
189	11	2.5723E-7	0.000079
190	5	1.16923E-7	0.000079
191	8	1.87077E-7	0.000079
192	8	1.87077E-7	0.000079
193	3	7.01538E-8	0.000078
194	10	2.33846E-7	0.000078
195	18	4.20923E-7	0.000078
196	4	9.35383E-8	0.000078
197	10	2.33846E-7	0.000078
198	6	1.40308E-7	0.000077
199	8	1.87077E-7	0.000077
200	8	1.87077E-7	0.000077
201	6	1.40308E-7	0.000077
202	5	1.16923E-7	0.000077
203	9	2.10461E-7	0.000077
204	10	2.33846E-7	0.000076
205	10	2.33846E-7	0.000076
206	4	9.35383E-8	0.000076
207	10	2.33846E-7	0.000076
208	8	1.87077E-7	0.000076
209	10	2.33846E-7	0.000075
210	12	2.80615E-7	0.000075
211	4	9.35383E-8	0.000075
212	6	1.40308E-7	0.000075
213	7	1.63692E-7	0.000075
214	8	1.87077E-7	0.000074
215	4	9.35383E-8	0.000074
216	6	1.40308E-7	0.000074
217	3	7.01538E-8	0.000074
218	3	7.01538E-8	0.000074
219	6	1.40308E-7	0.000074
220	9	2.10461E-7	0.000074
221	9	2.10461E-7	0.000073
222	7	1.63692E-7	0.000073
223	10	2.33846E-7	0.000073
224	9	2.10461E-7	0.000073
225	7	1.63692E-7	0.000073
226	7	1.63692E-7	0.000073
227	3	7.01538E-8	0.000072
228	6	1.40308E-7	0.000072
229	6	1.40308E-7	0.000072
230	8	1.87077E-7	0.000072
231	9	2.10461E-7	0.000072
232	4	9.35383E-8	0.000072
233	3	7.01538E-8	0.000072
234	2	4.67692E-8	0.000071
235	5	1.16923E-7	0.000071
236	7	1.63692E-7	0.000071
237	8	1.87077E-7	0.000071
238	10	2.33846E-7	0.000071
239	6	1.40308E-7	0.000071
240	4	9.35383E-8	0.000071
241	5	1.16923E-7	0.00007
242	5	1.16923E-7	0.00007
243	7	1.63692E-7	0.00007
244	5	1.16923E-7	0.00007
245	3	7.01538E-8	0.00007
246	4	9.35383E-8	0.00007
247	6	1.40308E-7	0.00007
248	5	1.16923E-7	0.00007
249	4	9.35383E-8	0.00007
250	11	2.5723E-7	0.000069
251	3	7.01538E-8	0.000069
252	6	1.40308E-7	0.000069
253	8	1.87077E-7	0.000069
254	5	1.16923E-7	0.000069
255	6	1.40308E-7	0.000069
256	5	1.16923E-7	0.000069
257	6	1.40308E-7	0.000068
258	2	4.67692E-8	0.000068
259	1	2.33846E-8	0.000068
260	6	1.40308E-7	0.000068
261	6	1.40308E-7	0.000068
262	4	9.35383E-8	0.000068
263	8	1.87077E-7	0.000068
264	4	9.35383E-8	0.000068
265	6	1.40308E-7	0.000068
266	2	4.67692E-8	0.000067
267	3	7.01538E-8	0.000067
268	6	1.40308E-7	0.000067
269	8	1.87077E-7	0.000067
270	3	7.01538E-8	0.000067
271	5	1.16923E-7	0.000067
272	2	4.67692E-8	0.000067
273	3	7.01538E-8	0.000067
274	5	1.16923E-7	0.000067
275	2	4.67692E-8	0.000067
276	6	1.40308E-7	0.000066
277	3	7.01538E-8	0.000066
278	4	9.35383E-8	0.000066
279	2	4.67692E-8	0.000066
280	3	7.01538E-8	0.000066
281	10	2.33846E-7	0.000066
282	7	1.63692E-7	0.000066
283	5	1.16923E-7	0.000066
284	3	7.01538E-8	0.000066
285	6	1.40308E-7	0.000065
286	1	2.33846E-8	0.000065
287	4	9.35383E-8	0.000065
288	4	9.35383E-8	0.000065
289	3	7.01538E-8	0.000065
290	2	4.67692E-8	0.000065
291	2	4.67692E-8	0.000065
292	3	7.01538E-8	0.000065
293	1	2.33846E-8	0.000065
294	3	7.01538E-8	0.000065
295	7	1.63692E-7	0.000065
296	3	7.01538E-8	0.000065
297	6	1.40308E-7	0.000065
298	6	1.40308E-7	0.000064
299	3	7.01538E-8	0.000064
300	5	1.16923E-7	0.000064
301	5	1.16923E-7	0.000064
302	3	7.01538E-8	0.000064
303	2	4.67692E-8	0.000064
304	8	1.87077E-7	0.000064
305	5	1.16923E-7	0.000064
306	5	1.16923E-7	0.000064
307	6	1.40308E-7	0.000063
308	5	1.16923E-7	0.000063
309	3	7.01538E-8	0.000063
310	4	9.35383E-8	0.000063
311	6	1.40308E-7	0.000063
312	1	2.33846E-8	0.000063
313	5	1.16923E-7	0.000063
314	6	1.40308E-7	0.000063
315	2	4.67692E-8	0.000063
316	6	1.40308E-7	0.000063
317	1	2.33846E-8	0.000062
318	3	7.01538E-8	0.000062
319	3	7.01538E-8	0.000062
320	6	1.40308E-7	0.000062
321	6	1.40308E-7	0.000062
323	3	7.01538E-8	0.000062
324	7	1.63692E-7	0.000062
325	6	1.40308E-7	0.000062
326	1	2.33846E-8	0.000062
327	3	7.01538E-8	0.000062
328	2	4.67692E-8	0.000062
329	5	1.16923E-7	0.000061
330	4	9.35383E-8	0.000061
331	2	4.67692E-8	0.000061
332	2	4.67692E-8	0.000061
333	2	4.67692E-8	0.000061
334	1	2.33846E-8	0.000061
335	5	1.16923E-7	0.000061
336	1	2.33846E-8	0.000061
337	5	1.16923E-7	0.000061
338	5	1.16923E-7	0.000061
339	1	2.33846E-8	0.000061
340	2	4.67692E-8	0.000061
341	2	4.67692E-8	0.000061
342	2	4.67692E-8	0.000061
343	2	4.67692E-8	0.000061
344	1	2.33846E-8	0.00006
345	4	9.35383E-8	0.00006
346	5	1.16923E-7	0.00006
347	2	4.67692E-8	0.00006
348	1	2.33846E-8	0.00006
349	2	4.67692E-8	0.00006
350	4	9.35383E-8	0.00006
351	3	7.01538E-8	0.00006
352	3	7.01538E-8	0.00006
353	3	7.01538E-8	0.00006
354	3	7.01538E-8	0.00006
356	5	1.16923E-7	0.00006
357	4	9.35383E-8	0.00006
358	3	7.01538E-8	0.00006
361	4	9.35383E-8	0.000059
362	4	9.35383E-8	0.000059
363	4	9.35383E-8	0.000059
364	2	4.67692E-8	0.000059
365	4	9.35383E-8	0.000059
366	3	7.01538E-8	0.000059
368	1	2.33846E-8	0.000059
369	1	2.33846E-8	0.000059
370	2	4.67692E-8	0.000059
371	4	9.35383E-8	0.000059
372	3	7.01538E-8	0.000059
373	1	2.33846E-8	0.000059
374	5	1.16923E-7	0.000059
375	1	2.33846E-8	0.000059
376	2	4.67692E-8	0.000059
377	1	2.33846E-8	0.000059
378	3	7.01538E-8	0.000059
379	5	1.16923E-7	0.000058
380	5	1.16923E-7	0.000058
381	4	9.35383E-8	0.000058
382	1	2.33846E-8	0.000058
383	1	2.33846E-8	0.000058
384	2	4.67692E-8	0.000058
385	2	4.67692E-8	0.000058
386	5	1.16923E-7	0.000058
387	2	4.67692E-8	0.000058
389	1	2.33846E-8	0.000058
390	1	2.33846E-8	0.000058
391	2	4.67692E-8	0.000058
392	3	7.01538E-8	0.000058
393	5	1.16923E-7	0.000058
394	1	2.33846E-8	0.000058
395	1	2.33846E-8	0.000058
396	2	4.67692E-8	0.000057
397	3	7.01538E-8	0.000057
398	3	7.01538E-8	0.000057
399	2	4.67692E-8	0.000057
400	3	7.01538E-8	0.000057
401	2	4.67692E-8	0.000057
402	3	7.01538E-8	0.000057
403	3	7.01538E-8	0.000057
404	3	7.01538E-8	0.000057
405	2	4.67692E-8	0.000057
406	3	7.01538E-8	0.000057
407	5	1.16923E-7	0.000057
408	2	4.67692E-8	0.000057
409	6	1.40308E-7	0.000057
410	4	9.35383E-8	0.000056
411	2	4.67692E-8	0.000056
412	2	4.67692E-8	0.000056
413	4	9.35383E-8	0.000056
414	4	9.35383E-8	0.000056
415	2	4.67692E-8	0.000056
416	9	2.10461E-7	0.000056
417	1	2.33846E-8	0.000056
418	1	2.33846E-8	0.000056
419	1	2.33846E-8	0.000056
420	2	4.67692E-8	0.000056
421	4	9.35383E-8	0.000056
422	3	7.01538E-8	0.000056
423	5	1.16923E-7	0.000056
424	5	1.16923E-7	0.000055
425	5	1.16923E-7	0.000055
426	4	9.35383E-8	0.000055
427	1	2.33846E-8	0.000055
428	4	9.35383E-8	0.000055
429	2	4.67692E-8	0.000055
430	1	2.33846E-8	0.000055
431	1	2.33846E-8	0.000055
432	3	7.01538E-8	0.000055
433	4	9.35383E-8	0.000055
434	1	2.33846E-8	0.000055
435	2	4.67692E-8	0.000055
436	5	1.16923E-7	0.000055
437	4	9.35383E-8	0.000055
438	2	4.67692E-8	0.000054
439	2	4.67692E-8	0.000054
440	5	1.16923E-7	0.000054
441	2	4.67692E-8	0.000054
442	4	9.35383E-8	0.000054
443	4	9.35383E-8	0.000054
444	2	4.67692E-8	0.000054
445	4	9.35383E-8	0.000054
447	2	4.67692E-8	0.000054
448	2	4.67692E-8	0.000054
449	5	1.16923E-7	0.000054
451	3	7.01538E-8	0.000054
452	3	7.01538E-8	0.000054
453	3	7.01538E-8	0.000054
454	2	4.67692E-8	0.000053
455	2	4.67692E-8	0.000053
456	1	2.33846E-8	0.000053
457	2	4.67692E-8	0.000053
458	5	1.16923E-7	0.000053
459	1	2.33846E-8	0.000053
461	3	7.01538E-8	0.000053
462	2	4.67692E-8	0.000053
463	1	2.33846E-8	0.000053
465	2	4.67692E-8	0.000053
466	5	1.16923E-7	0.000053
467	1	2.33846E-8	0.000053
468	2	4.67692E-8	0.000053
469	1	2.33846E-8	0.000053
470	3	7.01538E-8	0.000053
471	1	2.33846E-8	0.000053
472	3	7.01538E-8	0.000053
473	3	7.01538E-8	0.000053
474	1	2.33846E-8	0.000053
475	5	1.16923E-7	0.000053
476	1	2.33846E-8	0.000052
477	1	2.33846E-8	0.000052
479	3	7.01538E-8	0.000052
480	2	4.67692E-8	0.000052
482	3	7.01538E-8	0.000052
483	2	4.67692E-8	0.000052
484	5	1.16923E-7	0.000052
485	2	4.67692E-8	0.000052
487	4	9.35383E-8	0.000052
488	3	7.01538E-8	0.000052
489	1	2.33846E-8	0.000052
490	5	1.16923E-7	0.000052
491	1	2.33846E-8	0.000052
493	5	1.16923E-7	0.000052
494	1	2.33846E-8	0.000052
495	3	7.01538E-8	0.000051
496	3	7.01538E-8	0.000051
497	2	4.67692E-8	0.000051
498	2	4.67692E-8	0.000051
499	1	2.33846E-8	0.000051
500	2	4.67692E-8	0.000051
501	1	2.33846E-8	0.000051
502	2	4.67692E-8	0.000051
503	1	2.33846E-8	0.000051
504	2	4.67692E-8	0.000051
505	4	9.35383E-8	0.000051
506	2	4.67692E-8	0.000051
507	1	2.33846E-8	0.000051
508	1	2.33846E-8	0.000051
510	4	9.35383E-8	0.000051
511	5	1.16923E-7	0.000051
512	3	7.01538E-8	0.000051
513	1	2.33846E-8	0.000051
514	4	9.35383E-8	0.000051
515	6	1.40308E-7	0.00005
516	3	7.01538E-8	0.00005
517	3	7.01538E-8	0.00005
518	3	7.01538E-8	0.00005
519	3	7.01538E-8	0.00005
520	1	2.33846E-8	0.00005
521	1	2.33846E-8	0.00005
522	2	4.67692E-8	0.00005
523	1	2.33846E-8	0.00005
524	3	7.01538E-8	0.00005
525	3	7.01538E-8	0.00005
526	2	4.67692E-8	0.00005
527	1	2.33846E-8	0.00005
528	1	2.33846E-8	0.00005
529	2	4.67692E-8	0.00005
530	3	7.01538E-8	0.00005
531	3	7.01538E-8	0.00005
532	1	2.33846E-8	0.00005
533	1	2.33846E-8	0.000049
534	3	7.01538E-8	0.000049
536	3	7.01538E-8	0.000049
537	4	9.35383E-8	0.000049
538	1	2.33846E-8	0.000049
539	2	4.67692E-8	0.000049
540	2	4.67692E-8	0.000049
541	4	9.35383E-8	0.000049
542	1	2.33846E-8	0.000049
543	6	1.40308E-7	0.000049
544	3	7.01538E-8	0.000049
545	1	2.33846E-8	0.000049
546	1	2.33846E-8	0.000049
547	1	2.33846E-8	0.000049
548	5	1.16923E-7	0.000049
549	3	7.01538E-8	0.000049
550	3	7.01538E-8	0.000049
552	3	7.01538E-8	0.000048
553	2	4.67692E-8	0.000048
554	3	7.01538E-8	0.000048
555	1	2.33846E-8	0.000048
557	1	2.33846E-8	0.000048
558	3	7.01538E-8	0.000048
559	3	7.01538E-8	0.000048
560	1	2.33846E-8	0.000048
562	1	2.33846E-8	0.000048
564	2	4.67692E-8	0.000048
565	2	4.67692E-8	0.000048
566	5	1.16923E-7	0.000048
567	4	9.35383E-8	0.000048
568	3	7.01538E-8	0.000048
569	1	2.33846E-8	0.000048
570	3	7.01538E-8	0.000048
571	1	2.33846E-8	0.000048
572	1	2.33846E-8	0.000048
573	1	2.33846E-8	0.000048
574	1	2.33846E-8	0.000047
575	3	7.01538E-8	0.000047
577	2	4.67692E-8	0.000047
578	2	4.67692E-8	0.000047
579	1	2.33846E-8	0.000047
580	2	4.67692E-8	0.000047
581	2	4.67692E-8	0.000047
582	2	4.67692E-8	0.000047
584	4	9.35383E-8	0.000047
585	2	4.67692E-8	0.000047
586	3	7.01538E-8	0.000047
587	4	9.35383E-8	0.000047
588	3	7.01538E-8	0.000047
589	4	9.35383E-8	0.000047
590	1	2.33846E-8	0.000047
592	3	7.01538E-8	0.000047
593	1	2.33846E-8	0.000047
594	3	7.01538E-8	0.000047
595	3	7.01538E-8	0.000046
596	1	2.33846E-8	0.000046
597	2	4.67692E-8	0.000046
599	1	2.33846E-8	0.000046
601	1	2.33846E-8	0.000046
602	2	4.67692E-8	0.000046
603	1	2.33846E-8	0.000046
604	2	4.67692E-8	0.000046
605	3	7.01538E-8	0.000046
606	1	2.33846E-8	0.000046
608	1	2.33846E-8	0.000046
609	2	4.67692E-8	0.000046
610	2	4.67692E-8	0.000046
611	3	7.01538E-8	0.000046
612	2	4.67692E-8	0.000046
613	1	2.33846E-8	0.000046
614	2	4.67692E-8	0.000046
615	5	1.16923E-7	0.000046
617	2	4.67692E-8	0.000046
618	3	7.01538E-8	0.000046
619	1	2.33846E-8	0.000046
621	1	2.33846E-8	0.000046
622	1	2.33846E-8	0.000046
623	3	7.01538E-8	0.000045
624	3	7.01538E-8	0.000045
626	1	2.33846E-8	0.000045
628	3	7.01538E-8	0.000045
630	2	4.67692E-8	0.000045
631	4	9.35383E-8	0.000045
632	2	4.67692E-8	0.000045
633	2	4.67692E-8	0.000045
634	1	2.33846E-8	0.000045
635	4	9.35383E-8	0.000045
636	3	7.01538E-8	0.000045
637	5	1.16923E-7	0.000045
638	1	2.33846E-8	0.000045
639	1	2.33846E-8	0.000045
640	1	2.33846E-8	0.000045
641	1	2.33846E-8	0.000045
643	2	4.67692E-8	0.000045
646	3	7.01538E-8	0.000045
647	4	9.35383E-8	0.000045
648	2	4.67692E-8	0.000044
649	2	4.67692E-8	0.000044
650	1	2.33846E-8	0.000044
651	2	4.67692E-8	0.000044
652	1	2.33846E-8	0.000044
653	1	2.33846E-8	0.000044
654	2	4.67692E-8	0.000044
655	3	7.01538E-8	0.000044
657	1	2.33846E-8	0.000044
658	2	4.67692E-8	0.000044
659	2	4.67692E-8	0.000044
660	4	9.35383E-8	0.000044
662	5	1.16923E-7	0.000044
664	3	7.01538E-8	0.000044
665	2	4.67692E-8	0.000044
666	2	4.67692E-8	0.000044
668	3	7.01538E-8	0.000044
669	1	2.33846E-8	0.000044
670	2	4.67692E-8	0.000043
671	1	2.33846E-8	0.000043
672	1	2.33846E-8	0.000043
673	2	4.67692E-8	0.000043
675	2	4.67692E-8	0.000043
677	1	2.33846E-8	0.000043
678	2	4.67692E-8	0.000043
679	4	9.35383E-8	0.000043
681	1	2.33846E-8	0.000043
682	2	4.67692E-8	0.000043
683	1	2.33846E-8	0.000043
684	3	7.01538E-8	0.000043
685	2	4.67692E-8	0.000043
686	2	4.67692E-8	0.000043
687	2	4.67692E-8	0.000043
688	3	7.01538E-8	0.000043
689	1	2.33846E-8	0.000043
690	3	7.01538E-8	0.000043
691	2	4.67692E-8	0.000043
692	5	1.16923E-7	0.000043
693	2	4.67692E-8	0.000043
695	4	9.35383E-8	0.000042
696	2	4.67692E-8	0.000042
697	3	7.01538E-8	0.000042
698	1	2.33846E-8	0.000042
700	3	7.01538E-8	0.000042
701	2	4.67692E-8	0.000042
705	1	2.33846E-8	0.000042
706	1	2.33846E-8	0.000042
707	2	4.67692E-8	0.000042
708	2	4.67692E-8	0.000042
709	1	2.33846E-8	0.000042
711	1	2.33846E-8	0.000042
712	1	2.33846E-8	0.000042
716	2	4.67692E-8	0.000042
717	3	7.01538E-8	0.000042
718	1	2.33846E-8	0.000042
719	2	4.67692E-8	0.000042
720	3	7.01538E-8	0.000042
721	3	7.01538E-8	0.000042
723	2	4.67692E-8	0.000042
724	1	2.33846E-8	0.000042
725	2	4.67692E-8	0.000042
726	1	2.33846E-8	0.000041
728	1	2.33846E-8	0.000041
731	1	2.33846E-8	0.000041
734	2	4.67692E-8	0.000041
735	1	2.33846E-8	0.000041
740	3	7.01538E-8	0.000041
741	2	4.67692E-8	0.000041
745	5	1.16923E-7	0.000041
746	1	2.33846E-8	0.000041
747	1	2.33846E-8	0.000041
749	1	2.33846E-8	0.000041
750	1	2.33846E-8	0.000041
751	1	2.33846E-8	0.000041
752	1	2.33846E-8	0.000041
753	2	4.67692E-8	0.000041
757	1	2.33846E-8	0.000041
758	1	2.33846E-8	0.000041
759	1	2.33846E-8	0.000041
760	1	2.33846E-8	0.000041
761	1	2.33846E-8	0.000041
762	5	1.16923E-7	0.000041
763	2	4.67692E-8	0.000041
764	3	7.01538E-8	0.000041
766	1	2.33846E-8	0.000041
767	1	2.33846E-8	0.000041
768	4	9.35383E-8	0.000041
769	5	1.16923E-7	0.00004
770	3	7.01538E-8	0.00004
771	2	4.67692E-8	0.00004
775	3	7.01538E-8	0.00004
776	1	2.33846E-8	0.00004
778	1	2.33846E-8	0.00004
780	1	2.33846E-8	0.00004
782	1	2.33846E-8	0.00004
783	2	4.67692E-8	0.00004
784	1	2.33846E-8	0.00004
787	5	1.16923E-7	0.00004
788	2	4.67692E-8	0.00004
789	2	4.67692E-8	0.00004
791	2	4.67692E-8	0.00004
792	1	2.33846E-8	0.00004
795	1	2.33846E-8	0.00004
797	2	4.67692E-8	0.00004
799	4	9.35383E-8	0.00004
800	1	2.33846E-8	0.000039
801	2	4.67692E-8	0.000039
802	1	2.33846E-8	0.000039
803	1	2.33846E-8	0.000039
804	1	2.33846E-8	0.000039
806	2	4.67692E-8	0.000039
807	1	2.33846E-8	0.000039
809	3	7.01538E-8	0.000039
811	2	4.67692E-8	0.000039
812	1	2.33846E-8	0.000039
813	2	4.67692E-8	0.000039
814	2	4.67692E-8	0.000039
815	2	4.67692E-8	0.000039
818	1	2.33846E-8	0.000039
819	3	7.01538E-8	0.000039
823	2	4.67692E-8	0.000039
826	3	7.01538E-8	0.000039
827	1	2.33846E-8	0.000039
828	2	4.67692E-8	0.000039
829	1	2.33846E-8	0.000039
830	2	4.67692E-8	0.000039
831	3	7.01538E-8	0.000039
832	1	2.33846E-8	0.000039
833	3	7.01538E-8	0.000039
834	2	4.67692E-8	0.000038
835	3	7.01538E-8	0.000038
836	1	2.33846E-8	0.000038
838	1	2.33846E-8	0.000038
839	1	2.33846E-8	0.000038
840	1	2.33846E-8	0.000038
841	1	2.33846E-8	0.000038
843	1	2.33846E-8	0.000038
844	2	4.67692E-8	0.000038
845	4	9.35383E-8	0.000038
848	2	4.67692E-8	0.000038
849	6	1.40308E-7	0.000038
851	1	2.33846E-8	0.000038
854	1	2.33846E-8	0.000038
855	2	4.67692E-8	0.000038
856	1	2.33846E-8	0.000038
857	2	4.67692E-8	0.000038
859	2	4.67692E-8	0.000038
860	1	2.33846E-8	0.000038
861	2	4.67692E-8	0.000038
862	2	4.67692E-8	0.000038
864	3	7.01538E-8	0.000038
865	1	2.33846E-8	0.000038
867	3	7.01538E-8	0.000037
870	1	2.33846E-8	0.000037
871	3	7.01538E-8	0.000037
873	2	4.67692E-8	0.000037
874	1	2.33846E-8	0.000037
877	1	2.33846E-8	0.000037
879	2	4.67692E-8	0.000037
881	1	2.33846E-8	0.000037
882	2	4.67692E-8	0.000037
883	1	2.33846E-8	0.000037
884	1	2.33846E-8	0.000037
887	1	2.33846E-8	0.000037
888	1	2.33846E-8	0.000037
890	3	7.01538E-8	0.000037
892	3	7.01538E-8	0.000037
893	1	2.33846E-8	0.000037
895	2	4.67692E-8	0.000037
901	1	2.33846E-8	0.000037
902	1	2.33846E-8	0.000037
903	2	4.67692E-8	0.000037
904	2	4.67692E-8	0.000037
906	1	2.33846E-8	0.000037
907	3	7.01538E-8	0.000037
909	1	2.33846E-8	0.000037
910	1	2.33846E-8	0.000037
912	6	1.40308E-7	0.000037
913	2	4.67692E-8	0.000036
914	1	2.33846E-8	0.000036
915	2	4.67692E-8	0.000036
918	2	4.67692E-8	0.000036
919	5	1.16923E-7	0.000036
920	1	2.33846E-8	0.000036
921	1	2.33846E-8	0.000036
922	1	2.33846E-8	0.000036
925	1	2.33846E-8	0.000036
926	3	7.01538E-8	0.000036
928	1	2.33846E-8	0.000036
930	2	4.67692E-8	0.000036
932	2	4.67692E-8	0.000036
933	3	7.01538E-8	0.000036
934	2	4.67692E-8	0.000036
935	2	4.67692E-8	0.000036
936	1	2.33846E-8	0.000036
938	2	4.67692E-8	0.000036
939	4	9.35383E-8	0.000036
941	2	4.67692E-8	0.000035
943	1	2.33846E-8	0.000035
944	2	4.67692E-8	0.000035
945	2	4.67692E-8	0.000035
947	1	2.33846E-8	0.000035
948	2	4.67692E-8	0.000035
949	1	2.33846E-8	0.000035
950	1	2.33846E-8	0.000035
951	1	2.33846E-8	0.000035
953	1	2.33846E-8	0.000035
954	3	7.01538E-8	0.000035
955	1	2.33846E-8	0.000035
958	2	4.67692E-8	0.000035
959	1	2.33846E-8	0.000035
960	1	2.33846E-8	0.000035
966	1	2.33846E-8	0.000035
967	1	2.33846E-8	0.000035
968	2	4.67692E-8	0.000035
970	1	2.33846E-8	0.000035
973	2	4.67692E-8	0.000035
974	1	2.33846E-8	0.000035
975	1	2.33846E-8	0.000035
976	1	2.33846E-8	0.000035
977	1	2.33846E-8	0.000035
978	3	7.01538E-8	0.000035
979	1	2.33846E-8	0.000035
982	1	2.33846E-8	0.000035
983	3	7.01538E-8	0.000035
985	1	2.33846E-8	0.000035
987	2	4.67692E-8	0.000035
990	1	2.33846E-8	0.000034
991	4	9.35383E-8	0.000034
996	1	2.33846E-8	0.000034
998	1	2.33846E-8	0.000034
1001	1	2.33846E-8	0.000034
1002	2	4.67692E-8	0.000034
1005	1	2.33846E-8	0.000034
1006	1	2.33846E-8	0.000034
1009	1	2.33846E-8	0.000034
1010	1	2.33846E-8	0.000034
1016	1	2.33846E-8	0.000034
1020	2	4.67692E-8	0.000034
1021	1	2.33846E-8	0.000034
1024	1	2.33846E-8	0.000034
1025	2	4.67692E-8	0.000034
1026	1	2.33846E-8	0.000034
1027	1	2.33846E-8	0.000034
1029	1	2.33846E-8	0.000034
1030	1	2.33846E-8	0.000034
1032	2	4.67692E-8	0.000034
1033	1	2.33846E-8	0.000034
1035	4	9.35383E-8	0.000034
1036	2	4.67692E-8	0.000034
1037	1	2.33846E-8	0.000034
1038	2	4.67692E-8	0.000034
1039	2	4.67692E-8	0.000034
1041	1	2.33846E-8	0.000034
1044	2	4.67692E-8	0.000034
1045	1	2.33846E-8	0.000033
1048	2	4.67692E-8	0.000033
1050	1	2.33846E-8	0.000033
1051	1	2.33846E-8	0.000033
1054	1	2.33846E-8	0.000033
1056	1	2.33846E-8	0.000033
1060	1	2.33846E-8	0.000033
1063	1	2.33846E-8	0.000033
1064	1	2.33846E-8	0.000033
1065	2	4.67692E-8	0.000033
1066	1	2.33846E-8	0.000033
1067	1	2.33846E-8	0.000033
1068	1	2.33846E-8	0.000033
1069	1	2.33846E-8	0.000033
1070	3	7.01538E-8	0.000033
1071	1	2.33846E-8	0.000033
1072	1	2.33846E-8	0.000033
1074	1	2.33846E-8	0.000033
1075	1	2.33846E-8	0.000033
1076	2	4.67692E-8	0.000033
1079	1	2.33846E-8	0.000033
1083	1	2.33846E-8	0.000033
1084	1	2.33846E-8	0.000033
1086	2	4.67692E-8	0.000033
1088	2	4.67692E-8	0.000033
1090	2	4.67692E-8	0.000033
1091	2	4.67692E-8	0.000033
1092	1	2.33846E-8	0.000033
1093	2	4.67692E-8	0.000033
1097	2	4.67692E-8	0.000033
1098	1	2.33846E-8	0.000033
1100	1	2.33846E-8	0.000033
1103	1	2.33846E-8	0.000032
1104	1	2.33846E-8	0.000032
1106	1	2.33846E-8	0.000032
1107	1	2.33846E-8	0.000032
1108	2	4.67692E-8	0.000032
1109	2	4.67692E-8	0.000032
1110	3	7.01538E-8	0.000032
1111	1	2.33846E-8	0.000032
1114	2	4.67692E-8	0.000032
1115	2	4.67692E-8	0.000032
1116	2	4.67692E-8	0.000032
1119	1	2.33846E-8	0.000032
1121	2	4.67692E-8	0.000032
1124	3	7.01538E-8	0.000032
1125	1	2.33846E-8	0.000032
1126	2	4.67692E-8	0.000032
1127	1	2.33846E-8	0.000032
1128	1	2.33846E-8	0.000032
1129	1	2.33846E-8	0.000032
1131	1	2.33846E-8	0.000032
1132	3	7.01538E-8	0.000032
1133	2	4.67692E-8	0.000032
1134	2	4.67692E-8	0.000032
1135	1	2.33846E-8	0.000032
1137	1	2.33846E-8	0.000032
1138	1	2.33846E-8	0.000032
1139	3	7.01538E-8	0.000032
1140	2	4.67692E-8	0.000031
1142	1	2.33846E-8	0.000031
1143	2	4.67692E-8	0.000031
1147	1	2.33846E-8	0.000031
1148	1	2.33846E-8	0.000031
1151	1	2.33846E-8	0.000031
1153	1	2.33846E-8	0.000031
1155	1	2.33846E-8	0.000031
1156	2	4.67692E-8	0.000031
1158	1	2.33846E-8	0.000031
1159	2	4.67692E-8	0.000031
1161	1	2.33846E-8	0.000031
1163	1	2.33846E-8	0.000031
1164	1	2.33846E-8	0.000031
1165	1	2.33846E-8	0.000031
1166	2	4.67692E-8	0.000031
1169	2	4.67692E-8	0.000031
1170	1	2.33846E-8	0.000031
1171	1	2.33846E-8	0.000031
1172	1	2.33846E-8	0.000031
1173	2	4.67692E-8	0.000031
1174	1	2.33846E-8	0.000031
1177	2	4.67692E-8	0.000031
1178	1	2.33846E-8	0.000031
1179	2	4.67692E-8	0.000031
1182	2	4.67692E-8	0.000031
1185	1	2.33846E-8	0.000031
1186	1	2.33846E-8	0.000031
1187	1	2.33846E-8	0.000031
1188	1	2.33846E-8	0.000031
1191	2	4.67692E-8	0.000031
1192	1	2.33846E-8	0.00003
1193	1	2.33846E-8	0.00003
1194	1	2.33846E-8	0.00003
1195	1	2.33846E-8	0.00003
1196	1	2.33846E-8	0.00003
1197	1	2.33846E-8	0.00003
1202	2	4.67692E-8	0.00003
1205	1	2.33846E-8	0.00003
1207	4	9.35383E-8	0.00003
1208	1	2.33846E-8	0.00003
1209	1	2.33846E-8	0.00003
1212	3	7.01538E-8	0.00003
1213	1	2.33846E-8	0.00003
1215	1	2.33846E-8	0.00003
1216	2	4.67692E-8	0.00003
1217	1	2.33846E-8	0.00003
1218	1	2.33846E-8	0.00003
1219	2	4.67692E-8	0.00003
1221	1	2.33846E-8	0.00003
1222	1	2.33846E-8	0.00003
1225	2	4.67692E-8	0.00003
1226	1	2.33846E-8	0.00003
1227	1	2.33846E-8	0.00003
1232	1	2.33846E-8	0.00003
1233	3	7.01538E-8	0.00003
1234	2	4.67692E-8	0.00003
1235	2	4.67692E-8	0.00003
1237	2	4.67692E-8	0.00003
1239	1	2.33846E-8	0.000029
1241	1	2.33846E-8	0.000029
1243	2	4.67692E-8	0.000029
1244	1	2.33846E-8	0.000029
1245	2	4.67692E-8	0.000029
1248	1	2.33846E-8	0.000029
1249	2	4.67692E-8	0.000029
1251	1	2.33846E-8	0.000029
1253	2	4.67692E-8	0.000029
1254	2	4.67692E-8	0.000029
1258	2	4.67692E-8	0.000029
1264	1	2.33846E-8	0.000029
1268	2	4.67692E-8	0.000029
1270	1	2.33846E-8	0.000029
1276	3	7.01538E-8	0.000029
1277	1	2.33846E-8	0.000029
1278	1	2.33846E-8	0.000029
1279	3	7.01538E-8	0.000029
1281	1	2.33846E-8	0.000029
1282	2	4.67692E-8	0.000029
1284	3	7.01538E-8	0.000029
1286	2	4.67692E-8	0.000029
1287	3	7.01538E-8	0.000029
1289	1	2.33846E-8	0.000029
1291	2	4.67692E-8	0.000029
1295	2	4.67692E-8	0.000028
1296	2	4.67692E-8	0.000028
1301	1	2.33846E-8	0.000028
1303	3	7.01538E-8	0.000028
1304	1	2.33846E-8	0.000028
1309	2	4.67692E-8	0.000028
1310	1	2.33846E-8	0.000028
1311	1	2.33846E-8	0.000028
1313	1	2.33846E-8	0.000028
1314	2	4.67692E-8	0.000028
1317	1	2.33846E-8	0.000028
1320	1	2.33846E-8	0.000028
1322	2	4.67692E-8	0.000028
1323	1	2.33846E-8	0.000028
1327	1	2.33846E-8	0.000028
1329	1	2.33846E-8	0.000028
1333	2	4.67692E-8	0.000028
1337	1	2.33846E-8	0.000028
1338	2	4.67692E-8	0.000028
1339	2	4.67692E-8	0.000028
1340	1	2.33846E-8	0.000028
1341	1	2.33846E-8	0.000028
1344	1	2.33846E-8	0.000028
1345	1	2.33846E-8	0.000028
1348	2	4.67692E-8	0.000028
1350	1	2.33846E-8	0.000028
1351	1	2.33846E-8	0.000028
1352	1	2.33846E-8	0.000028
1353	1	2.33846E-8	0.000028
1355	1	2.33846E-8	0.000028
1362	1	2.33846E-8	0.000028
1364	2	4.67692E-8	0.000028
1367	1	2.33846E-8	0.000027
1369	1	2.33846E-8	0.000027
1373	1	2.33846E-8	0.000027
1375	1	2.33846E-8	0.000027
1377	1	2.33846E-8	0.000027
1380	2	4.67692E-8	0.000027
1382	1	2.33846E-8	0.000027
1383	1	2.33846E-8	0.000027
1384	1	2.33846E-8	0.000027
1387	2	4.67692E-8	0.000027
1388	2	4.67692E-8	0.000027
1390	1	2.33846E-8	0.000027
1391	1	2.33846E-8	0.000027
1395	1	2.33846E-8	0.000027
1397	1	2.33846E-8	0.000027
1401	1	2.33846E-8	0.000027
1403	2	4.67692E-8	0.000027
1405	2	4.67692E-8	0.000027
1408	1	2.33846E-8	0.000027
1411	1	2.33846E-8	0.000027
1413	1	2.33846E-8	0.000027
1414	1	2.33846E-8	0.000027
1415	1	2.33846E-8	0.000027
1417	1	2.33846E-8	0.000027
1419	1	2.33846E-8	0.000027
1420	1	2.33846E-8	0.000027
1421	1	2.33846E-8	0.000027
1424	2	4.67692E-8	0.000027
1425	1	2.33846E-8	0.000027
1439	1	2.33846E-8	0.000027
1440	3	7.01538E-8	0.000027
1441	3	7.01538E-8	0.000027
1442	1	2.33846E-8	0.000026
1447	1	2.33846E-8	0.000026
1450	1	2.33846E-8	0.000026
1451	4	9.35383E-8	0.000026
1452	1	2.33846E-8	0.000026
1453	2	4.67692E-8	0.000026
1455	2	4.67692E-8	0.000026
1457	1	2.33846E-8	0.000026
1460	1	2.33846E-8	0.000026
1461	3	7.01538E-8	0.000026
1463	1	2.33846E-8	0.000026
1464	2	4.67692E-8	0.000026
1465	1	2.33846E-8	0.000026
1471	2	4.67692E-8	0.000026
1472	1	2.33846E-8	0.000026
1473	1	2.33846E-8	0.000026
1479	2	4.67692E-8	0.000026
1481	1	2.33846E-8	0.000026
1482	1	2.33846E-8	0.000026
1483	2	4.67692E-8	0.000026
1487	1	2.33846E-8	0.000026
1489	1	2.33846E-8	0.000026
1495	3	7.01538E-8	0.000026
1497	1	2.33846E-8	0.000026
1498	1	2.33846E-8	0.000026
1499	1	2.33846E-8	0.000026
1502	1	2.33846E-8	0.000026
1504	1	2.33846E-8	0.000026
1509	1	2.33846E-8	0.000026
1513	1	2.33846E-8	0.000025
1514	2	4.67692E-8	0.000025
1516	2	4.67692E-8	0.000025
1517	2	4.67692E-8	0.000025
1519	2	4.67692E-8	0.000025
1524	2	4.67692E-8	0.000025
1526	3	7.01538E-8	0.000025
1527	1	2.33846E-8	0.000025
1532	1	2.33846E-8	0.000025
1533	2	4.67692E-8	0.000025
1536	2	4.67692E-8	0.000025
1542	1	2.33846E-8	0.000025
1543	1	2.33846E-8	0.000025
1547	1	2.33846E-8	0.000025
1553	2	4.67692E-8	0.000025
1554	1	2.33846E-8	0.000025
1555	1	2.33846E-8	0.000025
1558	1	2.33846E-8	0.000025
1560	2	4.67692E-8	0.000025
1562	1	2.33846E-8	0.000025
1563	1	2.33846E-8	0.000025
1565	1	2.33846E-8	0.000025
1567	1	2.33846E-8	0.000025
1569	1	2.33846E-8	0.000025
1571	1	2.33846E-8	0.000025
1574	1	2.33846E-8	0.000025
1575	1	2.33846E-8	0.000025
1577	1	2.33846E-8	0.000025
1579	2	4.67692E-8	0.000025
1584	1	2.33846E-8	0.000025
1585	2	4.67692E-8	0.000025
1587	1	2.33846E-8	0.000024
1588	1	2.33846E-8	0.000024
1591	1	2.33846E-8	0.000024
1592	1	2.33846E-8	0.000024
1596	2	4.67692E-8	0.000024
1598	1	2.33846E-8	0.000024
1601	1	2.33846E-8	0.000024
1602	1	2.33846E-8	0.000024
1603	1	2.33846E-8	0.000024
1611	1	2.33846E-8	0.000024
1612	1	2.33846E-8	0.000024
1614	1	2.33846E-8	0.000024
1615	1	2.33846E-8	0.000024
1617	2	4.67692E-8	0.000024
1621	1	2.33846E-8	0.000024
1622	1	2.33846E-8	0.000024
1623	1	2.33846E-8	0.000024
1626	2	4.67692E-8	0.000024
1630	1	2.33846E-8	0.000024
1632	1	2.33846E-8	0.000024
1633	1	2.33846E-8	0.000024
1634	1	2.33846E-8	0.000024
1636	1	2.33846E-8	0.000024
1637	2	4.67692E-8	0.000024
1642	2	4.67692E-8	0.000024
1645	1	2.33846E-8	0.000024
1646	1	2.33846E-8	0.000024
1647	2	4.67692E-8	0.000024
1648	1	2.33846E-8	0.000024
1650	1	2.33846E-8	0.000024
1651	1	2.33846E-8	0.000024
1655	1	2.33846E-8	0.000024
1656	1	2.33846E-8	0.000024
1659	1	2.33846E-8	0.000024
1660	1	2.33846E-8	0.000024
1664	1	2.33846E-8	0.000024
1667	1	2.33846E-8	0.000023
1668	1	2.33846E-8	0.000023
1669	1	2.33846E-8	0.000023
1672	1	2.33846E-8	0.000023
1673	1	2.33846E-8	0.000023
1685	1	2.33846E-8	0.000023
1686	1	2.33846E-8	0.000023
1687	1	2.33846E-8	0.000023
1688	1	2.33846E-8	0.000023
1696	2	4.67692E-8	0.000023
1697	1	2.33846E-8	0.000023
1699	1	2.33846E-8	0.000023
1702	2	4.67692E-8	0.000023
1705	1	2.33846E-8	0.000023
1706	1	2.33846E-8	0.000023
1707	1	2.33846E-8	0.000023
1710	1	2.33846E-8	0.000023
1713	1	2.33846E-8	0.000023
1714	1	2.33846E-8	0.000023
1715	1	2.33846E-8	0.000023
1716	1	2.33846E-8	0.000023
1717	1	2.33846E-8	0.000023
1719	1	2.33846E-8	0.000023
1721	1	2.33846E-8	0.000023
1725	1	2.33846E-8	0.000023
1727	1	2.33846E-8	0.000023
1728	2	4.67692E-8	0.000023
1731	1	2.33846E-8	0.000023
1733	1	2.33846E-8	0.000023
1736	2	4.67692E-8	0.000023
1737	3	7.01538E-8	0.000023
1742	1	2.33846E-8	0.000023
1744	1	2.33846E-8	0.000023
1750	1	2.33846E-8	0.000023
1752	1	2.33846E-8	0.000023
1755	2	4.67692E-8	0.000023
1759	1	2.33846E-8	0.000022
1760	1	2.33846E-8	0.000022
1761	2	4.67692E-8	0.000022
1762	1	2.33846E-8	0.000022
1765	1	2.33846E-8	0.000022
1766	1	2.33846E-8	0.000022
1768	1	2.33846E-8	0.000022
1774	4	9.35383E-8	0.000022
1778	1	2.33846E-8	0.000022
1779	1	2.33846E-8	0.000022
1780	1	2.33846E-8	0.000022
1782	1	2.33846E-8	0.000022
1783	1	2.33846E-8	0.000022
1785	1	2.33846E-8	0.000022
1791	1	2.33846E-8	0.000022
1792	1	2.33846E-8	0.000022
1796	1	2.33846E-8	0.000022
1804	1	2.33846E-8	0.000022
1812	1	2.33846E-8	0.000022
1815	1	2.33846E-8	0.000022
1817	2	4.67692E-8	0.000022
1821	1	2.33846E-8	0.000022
1824	2	4.67692E-8	0.000022
1829	1	2.33846E-8	0.000022
1832	1	2.33846E-8	0.000022
1834	1	2.33846E-8	0.000022
1836	1	2.33846E-8	0.000022
1838	1	2.33846E-8	0.000022
1839	1	2.33846E-8	0.000022
1841	1	2.33846E-8	0.000022
1842	1	2.33846E-8	0.000022
1848	1	2.33846E-8	0.000022
1853	1	2.33846E-8	0.000022
1862	1	2.33846E-8	0.000022
1865	1	2.33846E-8	0.000022
1867	2	4.67692E-8	0.000022
1868	1	2.33846E-8	0.000021
1872	1	2.33846E-8	0.000021
1873	1	2.33846E-8	0.000021
1875	1	2.33846E-8	0.000021
1876	1	2.33846E-8	0.000021
1879	1	2.33846E-8	0.000021
1887	1	2.33846E-8	0.000021
1894	1	2.33846E-8	0.000021
1896	1	2.33846E-8	0.000021
1898	3	7.01538E-8	0.000021
1899	1	2.33846E-8	0.000021
1905	1	2.33846E-8	0.000021
1906	1	2.33846E-8	0.000021
1913	1	2.33846E-8	0.000021
1918	1	2.33846E-8	0.000021
1925	1	2.33846E-8	0.000021
1926	1	2.33846E-8	0.000021
1927	2	4.67692E-8	0.000021
1930	1	2.33846E-8	0.000021
1934	1	2.33846E-8	0.000021
1938	1	2.33846E-8	0.000021
1939	1	2.33846E-8	0.000021
1945	1	2.33846E-8	0.000021
1946	1	2.33846E-8	0.000021
1948	1	2.33846E-8	0.000021
1951	1	2.33846E-8	0.000021
1953	1	2.33846E-8	0.000021
1959	1	2.33846E-8	0.000021
1960	1	2.33846E-8	0.000021
1961	1	2.33846E-8	0.000021
1964	1	2.33846E-8	0.000021
1965	1	2.33846E-8	0.000021
1966	1	2.33846E-8	0.000021
1968	1	2.33846E-8	0.000021
1971	1	2.33846E-8	0.000021
1974	1	2.33846E-8	0.000021
1975	1	2.33846E-8	0.000021
1977	1	2.33846E-8	0.000021
1978	1	2.33846E-8	0.000021
1982	1	2.33846E-8	0.00002
1983	1	2.33846E-8	0.00002
1984	1	2.33846E-8	0.00002
1987	2	4.67692E-8	0.00002
1988	1	2.33846E-8	0.00002
1990	1	2.33846E-8	0.00002
1992	1	2.33846E-8	0.00002
1996	1	2.33846E-8	0.00002
1998	1	2.33846E-8	0.00002
1999	2	4.67692E-8	0.00002
2003	1	2.33846E-8	0.00002
2010	1	2.33846E-8	0.00002
2012	1	2.33846E-8	0.00002
2017	1	2.33846E-8	0.00002
2020	2	4.67692E-8	0.00002
2023	1	2.33846E-8	0.00002
2025	2	4.67692E-8	0.00002
2026	1	2.33846E-8	0.00002
2037	2	4.67692E-8	0.00002
2044	1	2.33846E-8	0.00002
2046	1	2.33846E-8	0.00002
2050	2	4.67692E-8	0.00002
2052	2	4.67692E-8	0.00002
2057	2	4.67692E-8	0.00002
2058	1	2.33846E-8	0.00002
2060	2	4.67692E-8	0.00002
2062	1	2.33846E-8	0.00002
2065	2	4.67692E-8	0.00002
2075	1	2.33846E-8	0.00002
2082	1	2.33846E-8	0.00002
2087	1	2.33846E-8	0.00002
2088	1	2.33846E-8	0.00002
2097	1	2.33846E-8	0.00002
2099	1	2.33846E-8	0.000019
2101	2	4.67692E-8	0.000019
2105	1	2.33846E-8	0.000019
2109	1	2.33846E-8	0.000019
2113	1	2.33846E-8	0.000019
2119	1	2.33846E-8	0.000019
2122	1	2.33846E-8	0.000019
2132	1	2.33846E-8	0.000019
2139	1	2.33846E-8	0.000019
2143	2	4.67692E-8	0.000019
2145	1	2.33846E-8	0.000019
2148	1	2.33846E-8	0.000019
2163	1	2.33846E-8	0.000019
2169	1	2.33846E-8	0.000019
2176	1	2.33846E-8	0.000019
2177	2	4.67692E-8	0.000019
2178	1	2.33846E-8	0.000019
2186	1	2.33846E-8	0.000019
2192	1	2.33846E-8	0.000019
2193	1	2.33846E-8	0.000019
2194	1	2.33846E-8	0.000019
2196	1	2.33846E-8	0.000019
2201	1	2.33846E-8	0.000019
2202	1	2.33846E-8	0.000019
2204	2	4.67692E-8	0.000019
2206	1	2.33846E-8	0.000019
2208	1	2.33846E-8	0.000019
2210	1	2.33846E-8	0.000019
2211	1	2.33846E-8	0.000019
2212	1	2.33846E-8	0.000019
2217	1	2.33846E-8	0.000019
2230	1	2.33846E-8	0.000019
2233	1	2.33846E-8	0.000019
2234	1	2.33846E-8	0.000019
2235	1	2.33846E-8	0.000019
2236	1	2.33846E-8	0.000019
2241	1	2.33846E-8	0.000019
2242	1	2.33846E-8	0.000019
2245	1	2.33846E-8	0.000018
2246	1	2.33846E-8	0.000018
2254	1	2.33846E-8	0.000018
2255	1	2.33846E-8	0.000018
2259	2	4.67692E-8	0.000018
2261	1	2.33846E-8	0.000018
2266	1	2.33846E-8	0.000018
2267	2	4.67692E-8	0.000018
2275	2	4.67692E-8	0.000018
2277	1	2.33846E-8	0.000018
2284	2	4.67692E-8	0.000018
2286	1	2.33846E-8	0.000018
2288	1	2.33846E-8	0.000018
2291	1	2.33846E-8	0.000018
2292	1	2.33846E-8	0.000018
2298	1	2.33846E-8	0.000018
2304	1	2.33846E-8	0.000018
2309	1	2.33846E-8	0.000018
2311	2	4.67692E-8	0.000018
2312	1	2.33846E-8	0.000018
2313	1	2.33846E-8	0.000018
2317	1	2.33846E-8	0.000018
2318	1	2.33846E-8	0.000018
2328	1	2.33846E-8	0.000018
2336	1	2.33846E-8	0.000018
2337	1	2.33846E-8	0.000018
2339	2	4.67692E-8	0.000018
2341	1	2.33846E-8	0.000018
2342	1	2.33846E-8	0.000018
2343	1	2.33846E-8	0.000018
2346	1	2.33846E-8	0.000018
2347	2	4.67692E-8	0.000018
2352	1	2.33846E-8	0.000018
2353	1	2.33846E-8	0.000018
2361	1	2.33846E-8	0.000018
2362	1	2.33846E-8	0.000018
2364	1	2.33846E-8	0.000017
2366	1	2.33846E-8	0.000017
2367	1	2.33846E-8	0.000017
2371	1	2.33846E-8	0.000017
2373	1	2.33846E-8	0.000017
2380	1	2.33846E-8	0.000017
2381	1	2.33846E-8	0.000017
2382	1	2.33846E-8	0.000017
2383	1	2.33846E-8	0.000017
2388	1	2.33846E-8	0.000017
2393	2	4.67692E-8	0.000017
2394	2	4.67692E-8	0.000017
2396	2	4.67692E-8	0.000017
2402	1	2.33846E-8	0.000017
2408	1	2.33846E-8	0.000017
2409	1	2.33846E-8	0.000017
2428	1	2.33846E-8	0.000017
2429	1	2.33846E-8	0.000017
2430	1	2.33846E-8	0.000017
2431	1	2.33846E-8	0.000017
2435	1	2.33846E-8	0.000017
2439	1	2.33846E-8	0.000017
2441	1	2.33846E-8	0.000017
2444	1	2.33846E-8	0.000017
2447	1	2.33846E-8	0.000017
2449	1	2.33846E-8	0.000017
2452	2	4.67692E-8	0.000017
2455	1	2.33846E-8	0.000017
2456	1	2.33846E-8	0.000017
2463	2	4.67692E-8	0.000017
2465	2	4.67692E-8	0.000017
2467	1	2.33846E-8	0.000017
2475	1	2.33846E-8	0.000017
2477	1	2.33846E-8	0.000017
2503	1	2.33846E-8	0.000017
2504	1	2.33846E-8	0.000017
2507	1	2.33846E-8	0.000017
2513	1	2.33846E-8	0.000016
2518	1	2.33846E-8	0.000016
2519	1	2.33846E-8	0.000016
2525	1	2.33846E-8	0.000016
2531	1	2.33846E-8	0.000016
2543	1	2.33846E-8	0.000016
2547	1	2.33846E-8	0.000016
2549	1	2.33846E-8	0.000016
2556	1	2.33846E-8	0.000016
2571	1	2.33846E-8	0.000016
2579	1	2.33846E-8	0.000016
2580	1	2.33846E-8	0.000016
2583	1	2.33846E-8	0.000016
2586	1	2.33846E-8	0.000016
2591	1	2.33846E-8	0.000016
2592	1	2.33846E-8	0.000016
2595	1	2.33846E-8	0.000016
2598	1	2.33846E-8	0.000016
2600	1	2.33846E-8	0.000016
2606	1	2.33846E-8	0.000016
2607	1	2.33846E-8	0.000016
2608	1	2.33846E-8	0.000016
2610	1	2.33846E-8	0.000016
2616	1	2.33846E-8	0.000016
2621	1	2.33846E-8	0.000016
2628	1	2.33846E-8	0.000016
2631	1	2.33846E-8	0.000016
2632	2	4.67692E-8	0.000016
2635	1	2.33846E-8	0.000016
2639	1	2.33846E-8	0.000016
2642	1	2.33846E-8	0.000016
2646	2	4.67692E-8	0.000016
2647	1	2.33846E-8	0.000016
2650	1	2.33846E-8	0.000016
2653	1	2.33846E-8	0.000016
2654	1	2.33846E-8	0.000016
2655	1	2.33846E-8	0.000016
2657	1	2.33846E-8	0.000016
2658	1	2.33846E-8	0.000016
2659	2	4.67692E-8	0.000016
2660	1	2.33846E-8	0.000015
2661	1	2.33846E-8	0.000015
2662	1	2.33846E-8	0.000015
2663	1	2.33846E-8	0.000015
2666	1	2.33846E-8	0.000015
2672	1	2.33846E-8	0.000015
2678	1	2.33846E-8	0.000015
2679	1	2.33846E-8	0.000015
2687	1	2.33846E-8	0.000015
2688	2	4.67692E-8	0.000015
2694	1	2.33846E-8	0.000015
2698	1	2.33846E-8	0.000015
2700	1	2.33846E-8	0.000015
2711	1	2.33846E-8	0.000015
2713	1	2.33846E-8	0.000015
2715	1	2.33846E-8	0.000015
2722	1	2.33846E-8	0.000015
2723	1	2.33846E-8	0.000015
2730	2	4.67692E-8	0.000015
2736	1	2.33846E-8	0.000015
2737	1	2.33846E-8	0.000015
2746	1	2.33846E-8	0.000015
2750	1	2.33846E-8	0.000015
2752	1	2.33846E-8	0.000015
2754	1	2.33846E-8	0.000015
2756	1	2.33846E-8	0.000015
2763	1	2.33846E-8	0.000015
2764	1	2.33846E-8	0.000015
2766	1	2.33846E-8	0.000015
2767	1	2.33846E-8	0.000015
2769	1	2.33846E-8	0.000015
2772	1	2.33846E-8	0.000015
2776	1	2.33846E-8	0.000015
2784	1	2.33846E-8	0.000015
2787	1	2.33846E-8	0.000015
2788	1	2.33846E-8	0.000015
2799	1	2.33846E-8	0.000015
2807	1	2.33846E-8	0.000015
2811	1	2.33846E-8	0.000015
2812	2	4.67692E-8	0.000015
2813	1	2.33846E-8	0.000014
2821	1	2.33846E-8	0.000014
2822	3	7.01538E-8	0.000014
2824	1	2.33846E-8	0.000014
2830	1	2.33846E-8	0.000014
2833	2	4.67692E-8	0.000014
2840	1	2.33846E-8	0.000014
2842	1	2.33846E-8	0.000014
2843	1	2.33846E-8	0.000014
2844	1	2.33846E-8	0.000014
2850	1	2.33846E-8	0.000014
2859	1	2.33846E-8	0.000014
2861	1	2.33846E-8	0.000014
2863	2	4.67692E-8	0.000014
2868	2	4.67692E-8	0.000014
2869	1	2.33846E-8	0.000014
2876	1	2.33846E-8	0.000014
2898	1	2.33846E-8	0.000014
2903	1	2.33846E-8	0.000014
2905	1	2.33846E-8	0.000014
2908	2	4.67692E-8	0.000014
2911	1	2.33846E-8	0.000014
2922	1	2.33846E-8	0.000014
2923	1	2.33846E-8	0.000014
2936	1	2.33846E-8	0.000014
2940	1	2.33846E-8	0.000014
2941	1	2.33846E-8	0.000014
2942	1	2.33846E-8	0.000014
2946	1	2.33846E-8	0.000014
2951	1	2.33846E-8	0.000014
2953	1	2.33846E-8	0.000014
2956	1	2.33846E-8	0.000014
2958	1	2.33846E-8	0.000014
2963	1	2.33846E-8	0.000014
2966	1	2.33846E-8	0.000014
2970	1	2.33846E-8	0.000014
2976	1	2.33846E-8	0.000013
2978	1	2.33846E-8	0.000013
2979	1	2.33846E-8	0.000013
2988	1	2.33846E-8	0.000013
2989	1	2.33846E-8	0.000013
2990	1	2.33846E-8	0.000013
2994	1	2.33846E-8	0.000013
2995	1	2.33846E-8	0.000013
2999	1	2.33846E-8	0.000013
3001	1	2.33846E-8	0.000013
3002	1	2.33846E-8	0.000013
3008	1	2.33846E-8	0.000013
3009	2	4.67692E-8	0.000013
3022	1	2.33846E-8	0.000013
3028	2	4.67692E-8	0.000013
3030	1	2.33846E-8	0.000013
3040	1	2.33846E-8	0.000013
3043	1	2.33846E-8	0.000013
3045	2	4.67692E-8	0.000013
3047	1	2.33846E-8	0.000013
3054	1	2.33846E-8	0.000013
3065	1	2.33846E-8	0.000013
3067	1	2.33846E-8	0.000013
3068	1	2.33846E-8	0.000013
3086	1	2.33846E-8	0.000013
3088	1	2.33846E-8	0.000013
3093	1	2.33846E-8	0.000013
3094	1	2.33846E-8	0.000013
3096	1	2.33846E-8	0.000013
3103	1	2.33846E-8	0.000013
3107	1	2.33846E-8	0.000013
3111	1	2.33846E-8	0.000013
3115	1	2.33846E-8	0.000013
3122	1	2.33846E-8	0.000013
3124	1	2.33846E-8	0.000013
3134	1	2.33846E-8	0.000013
3143	1	2.33846E-8	0.000013
3148	1	2.33846E-8	0.000013
3157	1	2.33846E-8	0.000013
3160	1	2.33846E-8	0.000013
3172	1	2.33846E-8	0.000012
3174	1	2.33846E-8	0.000012
3175	1	2.33846E-8	0.000012
3180	1	2.33846E-8	0.000012
3181	1	2.33846E-8	0.000012
3183	1	2.33846E-8	0.000012
3185	1	2.33846E-8	0.000012
3196	2	4.67692E-8	0.000012
3197	1	2.33846E-8	0.000012
3205	1	2.33846E-8	0.000012
3206	1	2.33846E-8	0.000012
3207	1	2.33846E-8	0.000012
3208	1	2.33846E-8	0.000012
3227	1	2.33846E-8	0.000012
3228	1	2.33846E-8	0.000012
3230	2	4.67692E-8	0.000012
3231	1	2.33846E-8	0.000012
3238	1	2.33846E-8	0.000012
3248	1	2.33846E-8	0.000012
3249	1	2.33846E-8	0.000012
3263	1	2.33846E-8	0.000012
3269	1	2.33846E-8	0.000012
3277	1	2.33846E-8	0.000012
3281	1	2.33846E-8	0.000012
3282	1	2.33846E-8	0.000012
3302	1	2.33846E-8	0.000012
3317	1	2.33846E-8	0.000012
3319	1	2.33846E-8	0.000012
3323	1	2.33846E-8	0.000012
3346	1	2.33846E-8	0.000012
3361	1	2.33846E-8	0.000012
3362	1	2.33846E-8	0.000012
3368	1	2.33846E-8	0.000012
3377	1	2.33846E-8	0.000012
3381	1	2.33846E-8	0.000012
3383	1	2.33846E-8	0.000012
3393	1	2.33846E-8	0.000012
3395	1	2.33846E-8	0.000012
3397	1	2.33846E-8	0.000012
3403	1	2.33846E-8	0.000012
3404	1	2.33846E-8	0.000012
3405	1	2.33846E-8	0.000011
3407	1	2.33846E-8	0.000011
3414	1	2.33846E-8	0.000011
3422	1	2.33846E-8	0.000011
3424	1	2.33846E-8	0.000011
3428	1	2.33846E-8	0.000011
3434	1	2.33846E-8	0.000011
3439	1	2.33846E-8	0.000011
3447	1	2.33846E-8	0.000011
3450	1	2.33846E-8	0.000011
3458	1	2.33846E-8	0.000011
3465	1	2.33846E-8	0.000011
3466	1	2.33846E-8	0.000011
3482	1	2.33846E-8	0.000011
3486	1	2.33846E-8	0.000011
3494	1	2.33846E-8	0.000011
3518	1	2.33846E-8	0.000011
3536	1	2.33846E-8	0.000011
3540	1	2.33846E-8	0.000011
3544	1	2.33846E-8	0.000011
3560	1	2.33846E-8	0.000011
3561	1	2.33846E-8	0.000011
3564	1	2.33846E-8	0.000011
3570	1	2.33846E-8	0.000011
3573	1	2.33846E-8	0.000011
3579	1	2.33846E-8	0.000011
3584	1	2.33846E-8	0.000011
3589	1	2.33846E-8	0.000011
3597	1	2.33846E-8	0.000011
3600	1	2.33846E-8	0.000011
3602	1	2.33846E-8	0.000011
3610	1	2.33846E-8	0.000011
3615	1	2.33846E-8	0.000011
3620	1	2.33846E-8	0.000011
3625	1	2.33846E-8	0.000011
3627	1	2.33846E-8	0.000011
3629	1	2.33846E-8	0.000011
3630	1	2.33846E-8	0.000011
3633	1	2.33846E-8	0.000011
3634	1	2.33846E-8	0.000011
3635	1	2.33846E-8	0.000011
3640	1	2.33846E-8	0.000011
3643	1	2.33846E-8	0.00001
3676	1	2.33846E-8	0.00001
3685	1	2.33846E-8	0.00001
3694	1	2.33846E-8	0.00001
3695	1	2.33846E-8	0.00001
3698	1	2.33846E-8	0.00001
3701	1	2.33846E-8	0.00001
3703	1	2.33846E-8	0.00001
3718	1	2.33846E-8	0.00001
3750	1	2.33846E-8	0.00001
3766	1	2.33846E-8	0.00001
3769	1	2.33846E-8	0.00001
3771	1	2.33846E-8	0.00001
3799	1	2.33846E-8	0.00001
3802	1	2.33846E-8	0.00001
3805	1	2.33846E-8	0.00001
3832	1	2.33846E-8	0.00001
3837	2	4.67692E-8	0.00001
3847	1	2.33846E-8	0.00001
3854	1	2.33846E-8	0.00001
3858	1	2.33846E-8	0.00001
3864	1	2.33846E-8	9.98522E-6
3870	1	2.33846E-8	9.96183E-6
3883	1	2.33846E-8	9.93845E-6
3888	1	2.33846E-8	9.91506E-6
3923	1	2.33846E-8	9.89168E-6
3947	1	2.33846E-8	9.86829E-6
3948	2	4.67692E-8	9.84491E-6
3953	1	2.33846E-8	9.79814E-6
3966	1	2.33846E-8	9.77476E-6
3982	1	2.33846E-8	9.75137E-6
3990	1	2.33846E-8	9.72799E-6
3991	1	2.33846E-8	9.7046E-6
3994	1	2.33846E-8	9.68122E-6
3997	1	2.33846E-8	9.65783E-6
4025	1	2.33846E-8	9.63445E-6
4029	1	2.33846E-8	9.61106E-6
4033	1	2.33846E-8	9.58768E-6
4038	1	2.33846E-8	9.5643E-6
4039	1	2.33846E-8	9.54091E-6
4048	1	2.33846E-8	9.51753E-6
4057	1	2.33846E-8	9.49414E-6
4062	1	2.33846E-8	9.47076E-6
4070	1	2.33846E-8	9.44737E-6
4076	2	4.67692E-8	9.42399E-6
4078	1	2.33846E-8	9.37722E-6
4095	1	2.33846E-8	9.35383E-6
4099	1	2.33846E-8	9.33045E-6
4101	1	2.33846E-8	9.30706E-6
4102	1	2.33846E-8	9.28368E-6
4114	1	2.33846E-8	9.2603E-6
4118	1	2.33846E-8	9.23691E-6
4131	1	2.33846E-8	9.21353E-6
4135	1	2.33846E-8	9.19014E-6
4136	1	2.33846E-8	9.16676E-6
4153	1	2.33846E-8	9.14337E-6
4171	2	4.67692E-8	9.11999E-6
4184	1	2.33846E-8	9.07322E-6
4192	1	2.33846E-8	9.04983E-6
4198	1	2.33846E-8	9.02645E-6
4202	1	2.33846E-8	9.00307E-6
4204	1	2.33846E-8	8.97968E-6
4206	1	2.33846E-8	8.9563E-6
4208	1	2.33846E-8	8.93291E-6
4211	1	2.33846E-8	8.90953E-6
4215	1	2.33846E-8	8.88614E-6
4216	1	2.33846E-8	8.86276E-6
4217	2	4.67692E-8	8.83937E-6
4219	1	2.33846E-8	8.7926E-6
4228	1	2.33846E-8	8.76922E-6
4234	1	2.33846E-8	8.74583E-6
4244	1	2.33846E-8	8.72245E-6
4248	1	2.33846E-8	8.69907E-6
4252	1	2.33846E-8	8.67568E-6
4253	1	2.33846E-8	8.6523E-6
4260	1	2.33846E-8	8.62891E-6
4265	1	2.33846E-8	8.60553E-6
4272	1	2.33846E-8	8.58214E-6
4277	1	2.33846E-8	8.55876E-6
4311	1	2.33846E-8	8.53537E-6
4317	1	2.33846E-8	8.51199E-6
4318	1	2.33846E-8	8.4886E-6
4344	1	2.33846E-8	8.46522E-6
4358	1	2.33846E-8	8.44184E-6
4362	2	4.67692E-8	8.41845E-6
4365	1	2.33846E-8	8.37168E-6
4374	1	2.33846E-8	8.3483E-6
4382	1	2.33846E-8	8.32491E-6
4392	1	2.33846E-8	8.30153E-6
4393	2	4.67692E-8	8.27814E-6
4397	1	2.33846E-8	8.23137E-6
4403	1	2.33846E-8	8.20799E-6
4406	1	2.33846E-8	8.1846E-6
4428	1	2.33846E-8	8.16122E-6
4441	1	2.33846E-8	8.13784E-6
4457	1	2.33846E-8	8.11445E-6
4459	1	2.33846E-8	8.09107E-6
4493	1	2.33846E-8	8.06768E-6
4495	1	2.33846E-8	8.0443E-6
4508	1	2.33846E-8	8.02091E-6
4523	2	4.67692E-8	7.99753E-6
4531	1	2.33846E-8	7.95076E-6
4536	1	2.33846E-8	7.92737E-6
4545	1	2.33846E-8	7.90399E-6
4548	1	2.33846E-8	7.88061E-6
4551	1	2.33846E-8	7.85722E-6
4552	1	2.33846E-8	7.83384E-6
4556	1	2.33846E-8	7.81045E-6
4558	1	2.33846E-8	7.78707E-6
4563	1	2.33846E-8	7.76368E-6
4568	1	2.33846E-8	7.7403E-6
4575	1	2.33846E-8	7.71691E-6
4586	1	2.33846E-8	7.69353E-6
4589	1	2.33846E-8	7.67014E-6
4599	1	2.33846E-8	7.64676E-6
4608	1	2.33846E-8	7.62337E-6
4613	1	2.33846E-8	7.59999E-6
4628	1	2.33846E-8	7.57661E-6
4642	2	4.67692E-8	7.55322E-6
4645	1	2.33846E-8	7.50645E-6
4646	1	2.33846E-8	7.48307E-6
4658	1	2.33846E-8	7.45968E-6
4687	1	2.33846E-8	7.4363E-6
4695	1	2.33846E-8	7.41291E-6
4701	1	2.33846E-8	7.38953E-6
4734	1	2.33846E-8	7.36614E-6
4751	1	2.33846E-8	7.34276E-6
4754	1	2.33846E-8	7.31938E-6
4778	1	2.33846E-8	7.29599E-6
4779	1	2.33846E-8	7.27261E-6
4797	1	2.33846E-8	7.24922E-6
4803	1	2.33846E-8	7.22584E-6
4806	1	2.33846E-8	7.20245E-6
4817	1	2.33846E-8	7.17907E-6
4818	1	2.33846E-8	7.15568E-6
4830	1	2.33846E-8	7.1323E-6
4831	1	2.33846E-8	7.10891E-6
4846	1	2.33846E-8	7.08553E-6
4854	1	2.33846E-8	7.06214E-6
4880	1	2.33846E-8	7.03876E-6
4885	1	2.33846E-8	7.01538E-6
4892	1	2.33846E-8	6.99199E-6
4910	1	2.33846E-8	6.96861E-6
4930	1	2.33846E-8	6.94522E-6
4936	1	2.33846E-8	6.92184E-6
4960	1	2.33846E-8	6.89845E-6
4983	1	2.33846E-8	6.87507E-6
4988	2	4.67692E-8	6.85168E-6
5004	1	2.33846E-8	6.80491E-6
5011	1	2.33846E-8	6.78153E-6
5015	1	2.33846E-8	6.75815E-6
5028	1	2.33846E-8	6.73476E-6
5029	1	2.33846E-8	6.71138E-6
5048	1	2.33846E-8	6.68799E-6
5057	1	2.33846E-8	6.66461E-6
5123	1	2.33846E-8	6.64122E-6
5130	1	2.33846E-8	6.61784E-6
5138	1	2.33846E-8	6.59445E-6
5154	1	2.33846E-8	6.57107E-6
5160	1	2.33846E-8	6.54768E-6
5175	1	2.33846E-8	6.5243E-6
5199	1	2.33846E-8	6.50091E-6
5228	1	2.33846E-8	6.47753E-6
5233	1	2.33846E-8	6.45415E-6
5247	1	2.33846E-8	6.43076E-6
5258	1	2.33846E-8	6.40738E-6
5277	1	2.33846E-8	6.38399E-6
5294	1	2.33846E-8	6.36061E-6
5297	2	4.67692E-8	6.33722E-6
5337	1	2.33846E-8	6.29045E-6
5338	1	2.33846E-8	6.26707E-6
5382	1	2.33846E-8	6.24368E-6
5403	1	2.33846E-8	6.2203E-6
5439	1	2.33846E-8	6.19692E-6
5448	1	2.33846E-8	6.17353E-6
5460	1	2.33846E-8	6.15015E-6
5461	1	2.33846E-8	6.12676E-6
5485	1	2.33846E-8	6.10338E-6
5511	1	2.33846E-8	6.07999E-6
5515	1	2.33846E-8	6.05661E-6
5517	1	2.33846E-8	6.03322E-6
5521	1	2.33846E-8	6.00984E-6
5555	1	2.33846E-8	5.98645E-6
5560	1	2.33846E-8	5.96307E-6
5561	1	2.33846E-8	5.93968E-6
5572	1	2.33846E-8	5.9163E-6
5601	1	2.33846E-8	5.89292E-6
5624	1	2.33846E-8	5.86953E-6
5626	1	2.33846E-8	5.84615E-6
5632	1	2.33846E-8	5.82276E-6
5633	1	2.33846E-8	5.79938E-6
5648	1	2.33846E-8	5.77599E-6
5657	1	2.33846E-8	5.75261E-6
5665	1	2.33846E-8	5.72922E-6
5687	1	2.33846E-8	5.70584E-6
5717	1	2.33846E-8	5.68245E-6
5731	1	2.33846E-8	5.65907E-6
5736	1	2.33846E-8	5.63569E-6
5739	1	2.33846E-8	5.6123E-6
5755	1	2.33846E-8	5.58892E-6
5796	1	2.33846E-8	5.56553E-6
5797	1	2.33846E-8	5.54215E-6
5828	1	2.33846E-8	5.51876E-6
5836	1	2.33846E-8	5.49538E-6
5851	1	2.33846E-8	5.47199E-6
5904	1	2.33846E-8	5.44861E-6
5927	1	2.33846E-8	5.42522E-6
5950	1	2.33846E-8	5.40184E-6
5962	1	2.33846E-8	5.37845E-6
5971	1	2.33846E-8	5.35507E-6
5997	1	2.33846E-8	5.33169E-6
6009	1	2.33846E-8	5.3083E-6
6014	1	2.33846E-8	5.28492E-6
6058	1	2.33846E-8	5.26153E-6
6067	1	2.33846E-8	5.23815E-6
6107	1	2.33846E-8	5.21476E-6
6108	1	2.33846E-8	5.19138E-6
6159	1	2.33846E-8	5.16799E-6
6185	1	2.33846E-8	5.14461E-6
6191	1	2.33846E-8	5.12122E-6
6194	1	2.33846E-8	5.09784E-6
6232	1	2.33846E-8	5.07445E-6
6237	1	2.33846E-8	5.05107E-6
6240	1	2.33846E-8	5.02769E-6
6275	1	2.33846E-8	5.0043E-6
6336	1	2.33846E-8	4.98092E-6
6337	1	2.33846E-8	4.95753E-6
6360	1	2.33846E-8	4.93415E-6
6396	1	2.33846E-8	4.91076E-6
6438	2	4.67692E-8	4.88738E-6
6448	1	2.33846E-8	4.84061E-6
6454	1	2.33846E-8	4.81722E-6
6455	1	2.33846E-8	4.79384E-6
6457	1	2.33846E-8	4.77046E-6
6468	1	2.33846E-8	4.74707E-6
6470	1	2.33846E-8	4.72369E-6
6475	1	2.33846E-8	4.7003E-6
6486	1	2.33846E-8	4.67692E-6
6492	1	2.33846E-8	4.65353E-6
6495	1	2.33846E-8	4.63015E-6
6545	1	2.33846E-8	4.60676E-6
6551	1	2.33846E-8	4.58338E-6
6552	1	2.33846E-8	4.55999E-6
6602	1	2.33846E-8	4.53661E-6
6610	1	2.33846E-8	4.51322E-6
6640	1	2.33846E-8	4.48984E-6
6688	1	2.33846E-8	4.46646E-6
6725	1	2.33846E-8	4.44307E-6
6787	1	2.33846E-8	4.41969E-6
6825	1	2.33846E-8	4.3963E-6
6860	1	2.33846E-8	4.37292E-6
6896	1	2.33846E-8	4.34953E-6
6927	1	2.33846E-8	4.32615E-6
6929	2	4.67692E-8	4.30276E-6
6937	1	2.33846E-8	4.25599E-6
6977	1	2.33846E-8	4.23261E-6
6979	1	2.33846E-8	4.20923E-6
6991	1	2.33846E-8	4.18584E-6
7012	1	2.33846E-8	4.16246E-6
7024	1	2.33846E-8	4.13907E-6
7043	1	2.33846E-8	4.11569E-6
7059	1	2.33846E-8	4.0923E-6
7078	1	2.33846E-8	4.06892E-6
7093	1	2.33846E-8	4.04553E-6
7101	1	2.33846E-8	4.02215E-6
7162	1	2.33846E-8	3.99876E-6
7211	1	2.33846E-8	3.97538E-6
7236	1	2.33846E-8	3.95199E-6
7267	1	2.33846E-8	3.92861E-6
7330	1	2.33846E-8	3.90523E-6
7340	1	2.33846E-8	3.88184E-6
7366	1	2.33846E-8	3.85846E-6
7372	1	2.33846E-8	3.83507E-6
7381	1	2.33846E-8	3.81169E-6
7392	1	2.33846E-8	3.7883E-6
7426	1	2.33846E-8	3.76492E-6
7452	1	2.33846E-8	3.74153E-6
7516	1	2.33846E-8	3.71815E-6
7530	1	2.33846E-8	3.69476E-6
7538	1	2.33846E-8	3.67138E-6
7545	1	2.33846E-8	3.648E-6
7634	1	2.33846E-8	3.62461E-6
7644	1	2.33846E-8	3.60123E-6
7651	1	2.33846E-8	3.57784E-6
7669	1	2.33846E-8	3.55446E-6
7754	1	2.33846E-8	3.53107E-6
7755	1	2.33846E-8	3.50769E-6
7774	1	2.33846E-8	3.4843E-6
7792	1	2.33846E-8	3.46092E-6
7797	1	2.33846E-8	3.43753E-6
7807	1	2.33846E-8	3.41415E-6
7819	1	2.33846E-8	3.39076E-6
7869	1	2.33846E-8	3.36738E-6
7905	1	2.33846E-8	3.344E-6
7918	1	2.33846E-8	3.32061E-6
8041	1	2.33846E-8	3.29723E-6
8056	1	2.33846E-8	3.27384E-6
8064	1	2.33846E-8	3.25046E-6
8142	1	2.33846E-8	3.22707E-6
8179	1	2.33846E-8	3.20369E-6
8201	1	2.33846E-8	3.1803E-6
8237	1	2.33846E-8	3.15692E-6
8239	1	2.33846E-8	3.13353E-6
8255	1	2.33846E-8	3.11015E-6
8309	1	2.33846E-8	3.08677E-6
8320	1	2.33846E-8	3.06338E-6
8386	1	2.33846E-8	3.04E-6
8471	1	2.33846E-8	3.01661E-6
8575	1	2.33846E-8	2.99323E-6
8576	1	2.33846E-8	2.96984E-6
8595	1	2.33846E-8	2.94646E-6
8603	1	2.33846E-8	2.92307E-6
8609	1	2.33846E-8	2.89969E-6
8629	1	2.33846E-8	2.8763E-6
8709	1	2.33846E-8	2.85292E-6
8712	1	2.33846E-8	2.82953E-6
8730	1	2.33846E-8	2.80615E-6
8753	1	2.33846E-8	2.78277E-6
8825	1	2.33846E-8	2.75938E-6
8836	1	2.33846E-8	2.736E-6
8946	1	2.33846E-8	2.71261E-6
8959	1	2.33846E-8	2.68923E-6
8997	1	2.33846E-8	2.66584E-6
9020	1	2.33846E-8	2.64246E-6
9034	1	2.33846E-8	2.61907E-6
9049	1	2.33846E-8	2.59569E-6
9109	1	2.33846E-8	2.5723E-6
9167	1	2.33846E-8	2.54892E-6
9217	1	2.33846E-8	2.52554E-6
9354	1	2.33846E-8	2.50215E-6
9364	1	2.33846E-8	2.47877E-6
9375	1	2.33846E-8	2.45538E-6
9403	1	2.33846E-8	2.432E-6
9413	1	2.33846E-8	2.40861E-6
9415	1	2.33846E-8	2.38523E-6
9529	1	2.33846E-8	2.36184E-6
9693	1	2.33846E-8	2.33846E-6
9864	1	2.33846E-8	2.31507E-6
9913	1	2.33846E-8	2.29169E-6
9938	1	2.33846E-8	2.2683E-6
10142	1	2.33846E-8	2.24492E-6
10213	1	2.33846E-8	2.22154E-6
10227	1	2.33846E-8	2.19815E-6
10245	1	2.33846E-8	2.17477E-6
10315	1	2.33846E-8	2.15138E-6
10397	1	2.33846E-8	2.128E-6
10452	1	2.33846E-8	2.10461E-6
10479	1	2.33846E-8	2.08123E-6
10562	1	2.33846E-8	2.05784E-6
10589	1	2.33846E-8	2.03446E-6
10613	1	2.33846E-8	2.01107E-6
10635	1	2.33846E-8	1.98769E-6
10842	1	2.33846E-8	1.96431E-6
11101	1	2.33846E-8	1.94092E-6
11171	1	2.33846E-8	1.91754E-6
11233	1	2.33846E-8	1.89415E-6
11252	1	2.33846E-8	1.87077E-6
11258	1	2.33846E-8	1.84738E-6
11321	1	2.33846E-8	1.824E-6
11373	1	2.33846E-8	1.80061E-6
11379	1	2.33846E-8	1.77723E-6
11400	1	2.33846E-8	1.75384E-6
11460	1	2.33846E-8	1.73046E-6
11461	1	2.33846E-8	1.70707E-6
11547	1	2.33846E-8	1.68369E-6
11569	1	2.33846E-8	1.66031E-6
11622	1	2.33846E-8	1.63692E-6
11625	1	2.33846E-8	1.61354E-6
11650	1	2.33846E-8	1.59015E-6
11699	1	2.33846E-8	1.56677E-6
11767	1	2.33846E-8	1.54338E-6
11799	1	2.33846E-8	1.52E-6
11862	1	2.33846E-8	1.49661E-6
11960	1	2.33846E-8	1.47323E-6
11989	1	2.33846E-8	1.44984E-6
12015	1	2.33846E-8	1.42646E-6
12061	1	2.33846E-8	1.40308E-6
12088	1	2.33846E-8	1.37969E-6
12134	1	2.33846E-8	1.35631E-6
12165	1	2.33846E-8	1.33292E-6
12664	1	2.33846E-8	1.30954E-6
12774	1	2.33846E-8	1.28615E-6
12968	1	2.33846E-8	1.26277E-6
13171	1	2.33846E-8	1.23938E-6
13616	1	2.33846E-8	1.216E-6
13630	1	2.33846E-8	1.19261E-6
13928	1	2.33846E-8	1.16923E-6
14193	1	2.33846E-8	1.14584E-6
14417	1	2.33846E-8	1.12246E-6
14456	1	2.33846E-8	1.09908E-6
14487	1	2.33846E-8	1.07569E-6
14688	1	2.33846E-8	1.05231E-6
14925	1	2.33846E-8	1.02892E-6
14938	1	2.33846E-8	1.00554E-6
15401	1	2.33846E-8	9.82153E-7
15587	1	2.33846E-8	9.58768E-7
15597	1	2.33846E-8	9.35383E-7
15918	1	2.33846E-8	9.11999E-7
16092	1	2.33846E-8	8.88614E-7
16141	1	2.33846E-8	8.6523E-7
16244	1	2.33846E-8	8.41845E-7
16900	1	2.33846E-8	8.1846E-7
16927	1	2.33846E-8	7.95076E-7
17155	1	2.33846E-8	7.71691E-7
17800	1	2.33846E-8	7.48307E-7
17832	1	2.33846E-8	7.24922E-7
18693	1	2.33846E-8	7.01538E-7
18824	1	2.33846E-8	6.78153E-7
18870	1	2.33846E-8	6.54768E-7
18973	1	2.33846E-8	6.31384E-7
19587	1	2.33846E-8	6.07999E-7
19588	1	2.33846E-8	5.84615E-7
19679	1	2.33846E-8	5.6123E-7
20769	1	2.33846E-8	5.37845E-7
21184	1	2.33846E-8	5.14461E-7
21478	1	2.33846E-8	4.91076E-7
22230	1	2.33846E-8	4.67692E-7
23850	1	2.33846E-8	4.44307E-7
24680	1	2.33846E-8	4.20923E-7
24821	1	2.33846E-8	3.97538E-7
25243	1	2.33846E-8	3.74153E-7
25513	1	2.33846E-8	3.50769E-7
25694	1	2.33846E-8	3.27384E-7
26132	1	2.33846E-8	3.04E-7
26989	1	2.33846E-8	2.80615E-7
27994	1	2.33846E-8	2.5723E-7
28424	1	2.33846E-8	2.33846E-7
28805	1	2.33846E-8	2.10461E-7
29497	1	2.33846E-8	1.87077E-7
30324	1	2.33846E-8	1.63692E-7
32722	1	2.33846E-8	1.40308E-7
34326	1	2.33846E-8	1.16923E-7
34924	1	2.33846E-8	9.35383E-8
36475	1	2.33846E-8	7.01538E-8
37286	1	2.33846E-8	4.67692E-8
37522	1	2.33846E-8	2.33846E-8
