family_size	count	fraction	fraction_gt_or_eq_family_size
1	25262426	0.773577	1
2	5177514	0.158544	0.226423
3	1237052	0.037881	0.067879
4	423263	0.012961	0.029998
5	195074	0.005973	0.017037
6	101639	0.003112	0.011064
7	69452	0.002127	0.007951
8	43029	0.001318	0.005825
9	30368	0.00093	0.004507
10	22085	0.000676	0.003577
11	16736	0.000512	0.002901
12	11993	0.000367	0.002388
13	10153	0.000311	0.002021
14	7569	0.000232	0.00171
15	6034	0.000185	0.001478
16	5076	0.000155	0.001294
17	4107	0.000126	0.001138
18	3392	0.000104	0.001012
19	2950	0.00009	0.000909
20	2461	0.000075	0.000818
21	2079	0.000064	0.000743
22	1833	0.000056	0.000679
23	1561	0.000048	0.000623
24	1350	0.000041	0.000575
25	1221	0.000037	0.000534
26	1103	0.000034	0.000497
27	975	0.00003	0.000463
28	853	0.000026	0.000433
29	769	0.000024	0.000407
30	733	0.000022	0.000383
31	650	0.00002	0.000361
32	586	0.000018	0.000341
33	495	0.000015	0.000323
34	461	0.000014	0.000308
35	431	0.000013	0.000294
36	404	0.000012	0.000281
37	356	0.000011	0.000268
38	312	9.55395E-6	0.000257
39	279	8.54344E-6	0.000248
40	267	8.17598E-6	0.000239
41	243	7.44106E-6	0.000231
42	221	6.76738E-6	0.000224
43	207	6.33868E-6	0.000217
44	225	6.88987E-6	0.00021
45	175	5.35879E-6	0.000204
46	182	5.57314E-6	0.000198
47	157	4.8076E-6	0.000193
48	150	4.59325E-6	0.000188
49	157	4.8076E-6	0.000183
50	135	4.13392E-6	0.000178
51	141	4.31765E-6	0.000174
52	103	3.15403E-6	0.00017
53	103	3.15403E-6	0.000167
54	114	3.49087E-6	0.000164
55	118	3.61335E-6	0.00016
56	105	3.21527E-6	0.000157
57	93	2.84781E-6	0.000153
58	94	2.87844E-6	0.00015
59	83	2.5416E-6	0.000148
60	91	2.78657E-6	0.000145
61	96	2.93968E-6	0.000142
62	81	2.48035E-6	0.000139
63	73	2.23538E-6	0.000137
64	62	1.89854E-6	0.000135
65	56	1.71481E-6	0.000133
66	45	1.37797E-6	0.000131
67	60	1.8373E-6	0.00013
68	57	1.74543E-6	0.000128
69	48	1.46984E-6	0.000126
70	54	1.65357E-6	0.000125
71	63	1.92916E-6	0.000123
72	66	2.02103E-6	0.000121
73	47	1.43922E-6	0.000119
74	40	1.22487E-6	0.000118
75	44	1.34735E-6	0.000116
76	42	1.28611E-6	0.000115
77	47	1.43922E-6	0.000114
78	36	1.10238E-6	0.000112
79	25	7.65541E-7	0.000111
80	33	1.01051E-6	0.00011
81	39	1.19424E-6	0.000109
82	27	8.26785E-7	0.000108
83	25	7.65541E-7	0.000107
84	26	7.96163E-7	0.000107
85	29	8.88028E-7	0.000106
86	29	8.88028E-7	0.000105
87	27	8.26785E-7	0.000104
88	27	8.26785E-7	0.000103
89	15	4.59325E-7	0.000102
90	20	6.12433E-7	0.000102
91	25	7.65541E-7	0.000101
92	28	8.57406E-7	0.000101
93	31	9.49271E-7	0.0001
94	19	5.81811E-7	0.000099
95	37	1.133E-6	0.000098
96	30	9.18649E-7	0.000097
97	17	5.20568E-7	0.000096
98	17	5.20568E-7	0.000096
99	20	6.12433E-7	0.000095
100	18	5.5119E-7	0.000094
101	19	5.81811E-7	0.000094
102	16	4.89946E-7	0.000093
103	19	5.81811E-7	0.000093
104	13	3.98081E-7	0.000092
105	19	5.81811E-7	0.000092
106	17	5.20568E-7	0.000091
107	17	5.20568E-7	0.000091
108	18	5.5119E-7	0.00009
109	20	6.12433E-7	0.00009
110	19	5.81811E-7	0.000089
111	24	7.3492E-7	0.000088
112	14	4.28703E-7	0.000088
113	15	4.59325E-7	0.000087
114	15	4.59325E-7	0.000087
115	11	3.36838E-7	0.000086
116	12	3.6746E-7	0.000086
117	11	3.36838E-7	0.000086
118	11	3.36838E-7	0.000085
119	15	4.59325E-7	0.000085
120	17	5.20568E-7	0.000085
121	16	4.89946E-7	0.000084
122	16	4.89946E-7	0.000084
123	14	4.28703E-7	0.000083
124	16	4.89946E-7	0.000083
125	17	5.20568E-7	0.000082
126	9	2.75595E-7	0.000082
127	13	3.98081E-7	0.000081
128	8	2.44973E-7	0.000081
129	9	2.75595E-7	0.000081
130	9	2.75595E-7	0.00008
131	13	3.98081E-7	0.00008
132	9	2.75595E-7	0.00008
133	9	2.75595E-7	0.000079
134	16	4.89946E-7	0.000079
135	7	2.14352E-7	0.000079
136	5	1.53108E-7	0.000078
137	13	3.98081E-7	0.000078
138	15	4.59325E-7	0.000078
139	12	3.6746E-7	0.000077
140	9	2.75595E-7	0.000077
141	6	1.8373E-7	0.000077
142	13	3.98081E-7	0.000077
143	6	1.8373E-7	0.000076
144	10	3.06216E-7	0.000076
145	4	1.22487E-7	0.000076
146	11	3.36838E-7	0.000076
147	9	2.75595E-7	0.000075
148	9	2.75595E-7	0.000075
149	8	2.44973E-7	0.000075
150	5	1.53108E-7	0.000074
151	9	2.75595E-7	0.000074
152	12	3.6746E-7	0.000074
153	4	1.22487E-7	0.000074
154	12	3.6746E-7	0.000074
155	8	2.44973E-7	0.000073
156	7	2.14352E-7	0.000073
157	9	2.75595E-7	0.000073
158	10	3.06216E-7	0.000072
159	3	9.18649E-8	0.000072
160	8	2.44973E-7	0.000072
161	6	1.8373E-7	0.000072
162	7	2.14352E-7	0.000072
163	6	1.8373E-7	0.000071
164	6	1.8373E-7	0.000071
165	5	1.53108E-7	0.000071
166	8	2.44973E-7	0.000071
167	7	2.14352E-7	0.000071
168	3	9.18649E-8	0.00007
169	4	1.22487E-7	0.00007
170	5	1.53108E-7	0.00007
171	5	1.53108E-7	0.00007
172	7	2.14352E-7	0.00007
173	8	2.44973E-7	0.00007
174	4	1.22487E-7	0.000069
175	3	9.18649E-8	0.000069
176	6	1.8373E-7	0.000069
177	4	1.22487E-7	0.000069
178	8	2.44973E-7	0.000069
179	8	2.44973E-7	0.000069
180	10	3.06216E-7	0.000068
181	9	2.75595E-7	0.000068
182	6	1.8373E-7	0.000068
183	7	2.14352E-7	0.000068
184	7	2.14352E-7	0.000067
185	8	2.44973E-7	0.000067
186	5	1.53108E-7	0.000067
187	3	9.18649E-8	0.000067
188	4	1.22487E-7	0.000067
189	5	1.53108E-7	0.000067
190	4	1.22487E-7	0.000066
191	3	9.18649E-8	0.000066
192	4	1.22487E-7	0.000066
193	1	3.06216E-8	0.000066
194	7	2.14352E-7	0.000066
195	2	6.12433E-8	0.000066
196	9	2.75595E-7	0.000066
197	4	1.22487E-7	0.000066
198	4	1.22487E-7	0.000065
199	4	1.22487E-7	0.000065
200	5	1.53108E-7	0.000065
201	4	1.22487E-7	0.000065
202	6	1.8373E-7	0.000065
203	8	2.44973E-7	0.000065
204	5	1.53108E-7	0.000064
205	3	9.18649E-8	0.000064
206	2	6.12433E-8	0.000064
207	3	9.18649E-8	0.000064
208	1	3.06216E-8	0.000064
209	2	6.12433E-8	0.000064
210	4	1.22487E-7	0.000064
211	5	1.53108E-7	0.000064
212	5	1.53108E-7	0.000064
213	2	6.12433E-8	0.000064
214	5	1.53108E-7	0.000064
215	5	1.53108E-7	0.000063
216	5	1.53108E-7	0.000063
217	3	9.18649E-8	0.000063
218	4	1.22487E-7	0.000063
219	3	9.18649E-8	0.000063
220	3	9.18649E-8	0.000063
221	11	3.36838E-7	0.000063
222	2	6.12433E-8	0.000062
223	6	1.8373E-7	0.000062
224	1	3.06216E-8	0.000062
225	4	1.22487E-7	0.000062
226	7	2.14352E-7	0.000062
227	8	2.44973E-7	0.000062
228	4	1.22487E-7	0.000061
229	3	9.18649E-8	0.000061
230	4	1.22487E-7	0.000061
231	3	9.18649E-8	0.000061
232	3	9.18649E-8	0.000061
233	4	1.22487E-7	0.000061
234	1	3.06216E-8	0.000061
235	5	1.53108E-7	0.000061
236	2	6.12433E-8	0.000061
237	2	6.12433E-8	0.000061
238	6	1.8373E-7	0.000061
239	1	3.06216E-8	0.00006
240	4	1.22487E-7	0.00006
241	2	6.12433E-8	0.00006
242	4	1.22487E-7	0.00006
243	5	1.53108E-7	0.00006
244	5	1.53108E-7	0.00006
247	4	1.22487E-7	0.00006
248	1	3.06216E-8	0.00006
249	3	9.18649E-8	0.00006
250	3	9.18649E-8	0.000059
251	4	1.22487E-7	0.000059
252	5	1.53108E-7	0.000059
253	2	6.12433E-8	0.000059
254	3	9.18649E-8	0.000059
255	3	9.18649E-8	0.000059
256	7	2.14352E-7	0.000059
257	4	1.22487E-7	0.000059
258	4	1.22487E-7	0.000058
259	3	9.18649E-8	0.000058
260	3	9.18649E-8	0.000058
261	3	9.18649E-8	0.000058
262	3	9.18649E-8	0.000058
263	7	2.14352E-7	0.000058
264	4	1.22487E-7	0.000058
265	3	9.18649E-8	0.000058
266	2	6.12433E-8	0.000058
267	5	1.53108E-7	0.000058
268	3	9.18649E-8	0.000057
270	3	9.18649E-8	0.000057
271	6	1.8373E-7	0.000057
272	1	3.06216E-8	0.000057
273	2	6.12433E-8	0.000057
274	3	9.18649E-8	0.000057
275	2	6.12433E-8	0.000057
276	1	3.06216E-8	0.000057
277	5	1.53108E-7	0.000057
278	3	9.18649E-8	0.000057
279	1	3.06216E-8	0.000056
280	4	1.22487E-7	0.000056
282	3	9.18649E-8	0.000056
284	4	1.22487E-7	0.000056
285	4	1.22487E-7	0.000056
287	2	6.12433E-8	0.000056
288	4	1.22487E-7	0.000056
289	2	6.12433E-8	0.000056
290	6	1.8373E-7	0.000056
291	5	1.53108E-7	0.000056
293	3	9.18649E-8	0.000055
294	3	9.18649E-8	0.000055
295	2	6.12433E-8	0.000055
296	3	9.18649E-8	0.000055
297	4	1.22487E-7	0.000055
298	1	3.06216E-8	0.000055
299	3	9.18649E-8	0.000055
300	1	3.06216E-8	0.000055
302	3	9.18649E-8	0.000055
303	2	6.12433E-8	0.000055
304	2	6.12433E-8	0.000055
306	3	9.18649E-8	0.000055
307	2	6.12433E-8	0.000054
308	3	9.18649E-8	0.000054
309	5	1.53108E-7	0.000054
310	2	6.12433E-8	0.000054
311	2	6.12433E-8	0.000054
312	4	1.22487E-7	0.000054
313	5	1.53108E-7	0.000054
314	4	1.22487E-7	0.000054
315	3	9.18649E-8	0.000054
316	1	3.06216E-8	0.000054
317	2	6.12433E-8	0.000054
318	3	9.18649E-8	0.000053
320	3	9.18649E-8	0.000053
321	3	9.18649E-8	0.000053
322	2	6.12433E-8	0.000053
323	2	6.12433E-8	0.000053
324	3	9.18649E-8	0.000053
325	2	6.12433E-8	0.000053
326	6	1.8373E-7	0.000053
327	1	3.06216E-8	0.000053
328	1	3.06216E-8	0.000053
329	3	9.18649E-8	0.000053
330	1	3.06216E-8	0.000053
331	2	6.12433E-8	0.000053
332	1	3.06216E-8	0.000052
333	3	9.18649E-8	0.000052
334	2	6.12433E-8	0.000052
335	3	9.18649E-8	0.000052
336	3	9.18649E-8	0.000052
337	3	9.18649E-8	0.000052
338	2	6.12433E-8	0.000052
339	2	6.12433E-8	0.000052
340	3	9.18649E-8	0.000052
341	3	9.18649E-8	0.000052
342	1	3.06216E-8	0.000052
343	2	6.12433E-8	0.000052
345	2	6.12433E-8	0.000052
346	2	6.12433E-8	0.000052
347	2	6.12433E-8	0.000052
348	2	6.12433E-8	0.000051
349	1	3.06216E-8	0.000051
350	1	3.06216E-8	0.000051
351	7	2.14352E-7	0.000051
353	5	1.53108E-7	0.000051
354	4	1.22487E-7	0.000051
355	3	9.18649E-8	0.000051
356	2	6.12433E-8	0.000051
357	1	3.06216E-8	0.000051
358	2	6.12433E-8	0.000051
359	3	9.18649E-8	0.000051
360	1	3.06216E-8	0.00005
361	2	6.12433E-8	0.00005
362	3	9.18649E-8	0.00005
363	2	6.12433E-8	0.00005
364	2	6.12433E-8	0.00005
365	1	3.06216E-8	0.00005
366	2	6.12433E-8	0.00005
367	1	3.06216E-8	0.00005
368	1	3.06216E-8	0.00005
369	1	3.06216E-8	0.00005
370	1	3.06216E-8	0.00005
372	3	9.18649E-8	0.00005
373	2	6.12433E-8	0.00005
374	3	9.18649E-8	0.00005
376	3	9.18649E-8	0.00005
377	2	6.12433E-8	0.00005
378	1	3.06216E-8	0.00005
380	1	3.06216E-8	0.00005
382	2	6.12433E-8	0.00005
383	2	6.12433E-8	0.000049
384	1	3.06216E-8	0.000049
386	2	6.12433E-8	0.000049
387	4	1.22487E-7	0.000049
388	2	6.12433E-8	0.000049
389	2	6.12433E-8	0.000049
390	3	9.18649E-8	0.000049
391	5	1.53108E-7	0.000049
392	2	6.12433E-8	0.000049
393	3	9.18649E-8	0.000049
394	1	3.06216E-8	0.000049
395	2	6.12433E-8	0.000049
396	4	1.22487E-7	0.000049
397	2	6.12433E-8	0.000048
398	1	3.06216E-8	0.000048
399	3	9.18649E-8	0.000048
400	1	3.06216E-8	0.000048
403	2	6.12433E-8	0.000048
405	1	3.06216E-8	0.000048
406	1	3.06216E-8	0.000048
407	1	3.06216E-8	0.000048
411	2	6.12433E-8	0.000048
412	1	3.06216E-8	0.000048
413	1	3.06216E-8	0.000048
415	2	6.12433E-8	0.000048
416	1	3.06216E-8	0.000048
417	1	3.06216E-8	0.000048
418	6	1.8373E-7	0.000048
419	1	3.06216E-8	0.000048
421	3	9.18649E-8	0.000048
422	1	3.06216E-8	0.000048
423	4	1.22487E-7	0.000047
424	2	6.12433E-8	0.000047
425	2	6.12433E-8	0.000047
426	2	6.12433E-8	0.000047
427	2	6.12433E-8	0.000047
429	2	6.12433E-8	0.000047
430	4	1.22487E-7	0.000047
432	1	3.06216E-8	0.000047
435	2	6.12433E-8	0.000047
437	2	6.12433E-8	0.000047
438	3	9.18649E-8	0.000047
439	1	3.06216E-8	0.000047
440	3	9.18649E-8	0.000047
442	1	3.06216E-8	0.000047
443	2	6.12433E-8	0.000047
444	3	9.18649E-8	0.000046
445	1	3.06216E-8	0.000046
446	1	3.06216E-8	0.000046
447	2	6.12433E-8	0.000046
448	1	3.06216E-8	0.000046
449	4	1.22487E-7	0.000046
450	3	9.18649E-8	0.000046
452	2	6.12433E-8	0.000046
453	1	3.06216E-8	0.000046
454	1	3.06216E-8	0.000046
455	3	9.18649E-8	0.000046
456	2	6.12433E-8	0.000046
457	3	9.18649E-8	0.000046
458	2	6.12433E-8	0.000046
459	1	3.06216E-8	0.000046
461	1	3.06216E-8	0.000046
462	1	3.06216E-8	0.000046
463	1	3.06216E-8	0.000046
464	1	3.06216E-8	0.000045
465	1	3.06216E-8	0.000045
466	1	3.06216E-8	0.000045
467	1	3.06216E-8	0.000045
470	1	3.06216E-8	0.000045
471	2	6.12433E-8	0.000045
472	1	3.06216E-8	0.000045
473	1	3.06216E-8	0.000045
474	1	3.06216E-8	0.000045
475	2	6.12433E-8	0.000045
476	2	6.12433E-8	0.000045
477	2	6.12433E-8	0.000045
478	3	9.18649E-8	0.000045
480	2	6.12433E-8	0.000045
481	1	3.06216E-8	0.000045
483	2	6.12433E-8	0.000045
484	2	6.12433E-8	0.000045
485	4	1.22487E-7	0.000045
486	1	3.06216E-8	0.000045
487	1	3.06216E-8	0.000045
488	3	9.18649E-8	0.000044
489	2	6.12433E-8	0.000044
490	3	9.18649E-8	0.000044
491	1	3.06216E-8	0.000044
492	1	3.06216E-8	0.000044
493	2	6.12433E-8	0.000044
494	2	6.12433E-8	0.000044
495	3	9.18649E-8	0.000044
498	2	6.12433E-8	0.000044
499	1	3.06216E-8	0.000044
500	1	3.06216E-8	0.000044
501	2	6.12433E-8	0.000044
503	2	6.12433E-8	0.000044
505	1	3.06216E-8	0.000044
508	1	3.06216E-8	0.000044
509	5	1.53108E-7	0.000044
511	2	6.12433E-8	0.000044
513	1	3.06216E-8	0.000043
514	2	6.12433E-8	0.000043
517	1	3.06216E-8	0.000043
518	1	3.06216E-8	0.000043
521	1	3.06216E-8	0.000043
522	1	3.06216E-8	0.000043
524	5	1.53108E-7	0.000043
525	2	6.12433E-8	0.000043
527	3	9.18649E-8	0.000043
528	2	6.12433E-8	0.000043
529	1	3.06216E-8	0.000043
530	1	3.06216E-8	0.000043
531	2	6.12433E-8	0.000043
533	3	9.18649E-8	0.000043
534	1	3.06216E-8	0.000043
537	1	3.06216E-8	0.000043
539	1	3.06216E-8	0.000043
540	1	3.06216E-8	0.000043
541	2	6.12433E-8	0.000043
543	1	3.06216E-8	0.000042
544	2	6.12433E-8	0.000042
547	1	3.06216E-8	0.000042
550	1	3.06216E-8	0.000042
551	2	6.12433E-8	0.000042
553	2	6.12433E-8	0.000042
554	1	3.06216E-8	0.000042
555	1	3.06216E-8	0.000042
556	2	6.12433E-8	0.000042
558	1	3.06216E-8	0.000042
559	3	9.18649E-8	0.000042
560	2	6.12433E-8	0.000042
561	2	6.12433E-8	0.000042
562	2	6.12433E-8	0.000042
565	1	3.06216E-8	0.000042
568	3	9.18649E-8	0.000042
569	3	9.18649E-8	0.000042
572	1	3.06216E-8	0.000042
574	1	3.06216E-8	0.000042
575	2	6.12433E-8	0.000041
576	1	3.06216E-8	0.000041
578	2	6.12433E-8	0.000041
579	2	6.12433E-8	0.000041
580	2	6.12433E-8	0.000041
581	2	6.12433E-8	0.000041
582	1	3.06216E-8	0.000041
583	1	3.06216E-8	0.000041
584	3	9.18649E-8	0.000041
586	2	6.12433E-8	0.000041
588	1	3.06216E-8	0.000041
589	1	3.06216E-8	0.000041
592	2	6.12433E-8	0.000041
595	1	3.06216E-8	0.000041
597	2	6.12433E-8	0.000041
600	2	6.12433E-8	0.000041
602	2	6.12433E-8	0.000041
603	1	3.06216E-8	0.000041
604	1	3.06216E-8	0.000041
605	2	6.12433E-8	0.000041
606	2	6.12433E-8	0.00004
607	1	3.06216E-8	0.00004
608	1	3.06216E-8	0.00004
609	2	6.12433E-8	0.00004
610	2	6.12433E-8	0.00004
612	1	3.06216E-8	0.00004
614	3	9.18649E-8	0.00004
616	1	3.06216E-8	0.00004
617	2	6.12433E-8	0.00004
618	3	9.18649E-8	0.00004
620	4	1.22487E-7	0.00004
621	3	9.18649E-8	0.00004
622	2	6.12433E-8	0.00004
623	1	3.06216E-8	0.00004
627	1	3.06216E-8	0.00004
628	1	3.06216E-8	0.00004
629	1	3.06216E-8	0.00004
631	1	3.06216E-8	0.00004
632	2	6.12433E-8	0.00004
633	3	9.18649E-8	0.000039
634	3	9.18649E-8	0.000039
637	1	3.06216E-8	0.000039
638	1	3.06216E-8	0.000039
640	5	1.53108E-7	0.000039
641	1	3.06216E-8	0.000039
643	2	6.12433E-8	0.000039
644	1	3.06216E-8	0.000039
646	2	6.12433E-8	0.000039
647	3	9.18649E-8	0.000039
651	1	3.06216E-8	0.000039
652	2	6.12433E-8	0.000039
653	1	3.06216E-8	0.000039
654	1	3.06216E-8	0.000039
656	1	3.06216E-8	0.000039
657	1	3.06216E-8	0.000039
658	1	3.06216E-8	0.000039
659	1	3.06216E-8	0.000039
661	3	9.18649E-8	0.000038
662	1	3.06216E-8	0.000038
663	1	3.06216E-8	0.000038
665	2	6.12433E-8	0.000038
667	2	6.12433E-8	0.000038
668	1	3.06216E-8	0.000038
669	1	3.06216E-8	0.000038
670	1	3.06216E-8	0.000038
672	1	3.06216E-8	0.000038
674	2	6.12433E-8	0.000038
675	3	9.18649E-8	0.000038
676	3	9.18649E-8	0.000038
677	1	3.06216E-8	0.000038
679	2	6.12433E-8	0.000038
680	2	6.12433E-8	0.000038
684	2	6.12433E-8	0.000038
685	1	3.06216E-8	0.000038
686	1	3.06216E-8	0.000038
687	1	3.06216E-8	0.000038
689	1	3.06216E-8	0.000038
690	1	3.06216E-8	0.000038
691	2	6.12433E-8	0.000037
692	2	6.12433E-8	0.000037
695	1	3.06216E-8	0.000037
696	1	3.06216E-8	0.000037
699	1	3.06216E-8	0.000037
700	1	3.06216E-8	0.000037
701	1	3.06216E-8	0.000037
702	1	3.06216E-8	0.000037
703	1	3.06216E-8	0.000037
704	1	3.06216E-8	0.000037
705	2	6.12433E-8	0.000037
706	1	3.06216E-8	0.000037
709	1	3.06216E-8	0.000037
710	1	3.06216E-8	0.000037
711	1	3.06216E-8	0.000037
714	1	3.06216E-8	0.000037
715	2	6.12433E-8	0.000037
717	2	6.12433E-8	0.000037
718	1	3.06216E-8	0.000037
719	2	6.12433E-8	0.000037
721	2	6.12433E-8	0.000037
725	2	6.12433E-8	0.000037
726	1	3.06216E-8	0.000037
727	1	3.06216E-8	0.000037
728	4	1.22487E-7	0.000037
731	1	3.06216E-8	0.000036
732	2	6.12433E-8	0.000036
734	2	6.12433E-8	0.000036
735	1	3.06216E-8	0.000036
736	1	3.06216E-8	0.000036
739	1	3.06216E-8	0.000036
740	1	3.06216E-8	0.000036
741	2	6.12433E-8	0.000036
744	1	3.06216E-8	0.000036
745	2	6.12433E-8	0.000036
747	1	3.06216E-8	0.000036
748	1	3.06216E-8	0.000036
749	1	3.06216E-8	0.000036
751	1	3.06216E-8	0.000036
752	1	3.06216E-8	0.000036
754	1	3.06216E-8	0.000036
756	1	3.06216E-8	0.000036
757	2	6.12433E-8	0.000036
758	1	3.06216E-8	0.000036
759	1	3.06216E-8	0.000036
762	1	3.06216E-8	0.000036
764	3	9.18649E-8	0.000036
767	1	3.06216E-8	0.000035
768	2	6.12433E-8	0.000035
769	1	3.06216E-8	0.000035
770	2	6.12433E-8	0.000035
771	2	6.12433E-8	0.000035
772	4	1.22487E-7	0.000035
773	1	3.06216E-8	0.000035
774	1	3.06216E-8	0.000035
775	2	6.12433E-8	0.000035
782	4	1.22487E-7	0.000035
783	2	6.12433E-8	0.000035
784	1	3.06216E-8	0.000035
786	3	9.18649E-8	0.000035
789	1	3.06216E-8	0.000035
790	2	6.12433E-8	0.000035
794	1	3.06216E-8	0.000035
797	1	3.06216E-8	0.000035
798	1	3.06216E-8	0.000035
801	1	3.06216E-8	0.000035
802	1	3.06216E-8	0.000034
804	1	3.06216E-8	0.000034
805	1	3.06216E-8	0.000034
806	1	3.06216E-8	0.000034
807	2	6.12433E-8	0.000034
811	2	6.12433E-8	0.000034
812	2	6.12433E-8	0.000034
813	2	6.12433E-8	0.000034
815	1	3.06216E-8	0.000034
817	1	3.06216E-8	0.000034
821	3	9.18649E-8	0.000034
822	1	3.06216E-8	0.000034
824	4	1.22487E-7	0.000034
825	1	3.06216E-8	0.000034
826	1	3.06216E-8	0.000034
827	1	3.06216E-8	0.000034
833	2	6.12433E-8	0.000034
836	3	9.18649E-8	0.000034
837	1	3.06216E-8	0.000034
838	1	3.06216E-8	0.000034
841	1	3.06216E-8	0.000034
844	1	3.06216E-8	0.000033
845	1	3.06216E-8	0.000033
846	2	6.12433E-8	0.000033
848	2	6.12433E-8	0.000033
850	1	3.06216E-8	0.000033
851	2	6.12433E-8	0.000033
852	1	3.06216E-8	0.000033
853	2	6.12433E-8	0.000033
854	1	3.06216E-8	0.000033
859	2	6.12433E-8	0.000033
860	1	3.06216E-8	0.000033
861	1	3.06216E-8	0.000033
862	1	3.06216E-8	0.000033
863	1	3.06216E-8	0.000033
867	1	3.06216E-8	0.000033
868	1	3.06216E-8	0.000033
869	1	3.06216E-8	0.000033
870	2	6.12433E-8	0.000033
871	1	3.06216E-8	0.000033
874	1	3.06216E-8	0.000033
875	1	3.06216E-8	0.000033
878	2	6.12433E-8	0.000033
881	1	3.06216E-8	0.000033
884	1	3.06216E-8	0.000033
885	1	3.06216E-8	0.000033
886	1	3.06216E-8	0.000032
887	1	3.06216E-8	0.000032
888	2	6.12433E-8	0.000032
889	2	6.12433E-8	0.000032
892	1	3.06216E-8	0.000032
893	2	6.12433E-8	0.000032
895	1	3.06216E-8	0.000032
896	2	6.12433E-8	0.000032
897	1	3.06216E-8	0.000032
898	2	6.12433E-8	0.000032
903	1	3.06216E-8	0.000032
904	1	3.06216E-8	0.000032
907	1	3.06216E-8	0.000032
912	1	3.06216E-8	0.000032
913	2	6.12433E-8	0.000032
915	1	3.06216E-8	0.000032
916	1	3.06216E-8	0.000032
917	1	3.06216E-8	0.000032
919	2	6.12433E-8	0.000032
920	1	3.06216E-8	0.000032
921	1	3.06216E-8	0.000032
922	1	3.06216E-8	0.000032
923	1	3.06216E-8	0.000032
925	2	6.12433E-8	0.000032
927	1	3.06216E-8	0.000032
929	1	3.06216E-8	0.000031
935	1	3.06216E-8	0.000031
939	1	3.06216E-8	0.000031
942	2	6.12433E-8	0.000031
944	3	9.18649E-8	0.000031
949	2	6.12433E-8	0.000031
950	2	6.12433E-8	0.000031
951	1	3.06216E-8	0.000031
953	2	6.12433E-8	0.000031
955	1	3.06216E-8	0.000031
959	3	9.18649E-8	0.000031
960	3	9.18649E-8	0.000031
962	1	3.06216E-8	0.000031
968	2	6.12433E-8	0.000031
970	1	3.06216E-8	0.000031
971	1	3.06216E-8	0.000031
973	2	6.12433E-8	0.000031
974	1	3.06216E-8	0.000031
976	1	3.06216E-8	0.000031
978	2	6.12433E-8	0.000031
980	2	6.12433E-8	0.00003
982	2	6.12433E-8	0.00003
983	2	6.12433E-8	0.00003
984	1	3.06216E-8	0.00003
987	1	3.06216E-8	0.00003
989	1	3.06216E-8	0.00003
990	1	3.06216E-8	0.00003
991	2	6.12433E-8	0.00003
992	1	3.06216E-8	0.00003
993	2	6.12433E-8	0.00003
994	1	3.06216E-8	0.00003
995	1	3.06216E-8	0.00003
996	2	6.12433E-8	0.00003
997	2	6.12433E-8	0.00003
998	1	3.06216E-8	0.00003
1000	1	3.06216E-8	0.00003
1002	1	3.06216E-8	0.00003
1003	1	3.06216E-8	0.00003
1009	1	3.06216E-8	0.00003
1011	1	3.06216E-8	0.00003
1012	1	3.06216E-8	0.00003
1013	1	3.06216E-8	0.00003
1014	2	6.12433E-8	0.00003
1018	1	3.06216E-8	0.00003
1021	1	3.06216E-8	0.000029
1022	1	3.06216E-8	0.000029
1023	2	6.12433E-8	0.000029
1024	2	6.12433E-8	0.000029
1025	2	6.12433E-8	0.000029
1029	1	3.06216E-8	0.000029
1030	1	3.06216E-8	0.000029
1036	1	3.06216E-8	0.000029
1037	1	3.06216E-8	0.000029
1040	1	3.06216E-8	0.000029
1042	1	3.06216E-8	0.000029
1043	1	3.06216E-8	0.000029
1049	1	3.06216E-8	0.000029
1054	1	3.06216E-8	0.000029
1056	1	3.06216E-8	0.000029
1058	1	3.06216E-8	0.000029
1059	1	3.06216E-8	0.000029
1060	2	6.12433E-8	0.000029
1062	2	6.12433E-8	0.000029
1063	1	3.06216E-8	0.000029
1065	1	3.06216E-8	0.000029
1068	1	3.06216E-8	0.000029
1069	1	3.06216E-8	0.000029
1071	1	3.06216E-8	0.000029
1073	2	6.12433E-8	0.000029
1075	1	3.06216E-8	0.000029
1076	1	3.06216E-8	0.000029
1079	1	3.06216E-8	0.000028
1080	2	6.12433E-8	0.000028
1081	1	3.06216E-8	0.000028
1083	1	3.06216E-8	0.000028
1084	1	3.06216E-8	0.000028
1086	1	3.06216E-8	0.000028
1090	2	6.12433E-8	0.000028
1091	2	6.12433E-8	0.000028
1092	1	3.06216E-8	0.000028
1094	1	3.06216E-8	0.000028
1095	1	3.06216E-8	0.000028
1096	1	3.06216E-8	0.000028
1097	1	3.06216E-8	0.000028
1099	1	3.06216E-8	0.000028
1100	1	3.06216E-8	0.000028
1101	1	3.06216E-8	0.000028
1108	1	3.06216E-8	0.000028
1109	1	3.06216E-8	0.000028
1112	1	3.06216E-8	0.000028
1114	1	3.06216E-8	0.000028
1115	1	3.06216E-8	0.000028
1117	1	3.06216E-8	0.000028
1118	2	6.12433E-8	0.000028
1119	2	6.12433E-8	0.000028
1120	1	3.06216E-8	0.000028
1122	1	3.06216E-8	0.000028
1123	1	3.06216E-8	0.000028
1124	2	6.12433E-8	0.000027
1126	1	3.06216E-8	0.000027
1127	1	3.06216E-8	0.000027
1128	1	3.06216E-8	0.000027
1129	1	3.06216E-8	0.000027
1130	1	3.06216E-8	0.000027
1133	1	3.06216E-8	0.000027
1135	1	3.06216E-8	0.000027
1136	1	3.06216E-8	0.000027
1137	1	3.06216E-8	0.000027
1139	1	3.06216E-8	0.000027
1145	2	6.12433E-8	0.000027
1147	2	6.12433E-8	0.000027
1148	3	9.18649E-8	0.000027
1154	1	3.06216E-8	0.000027
1155	1	3.06216E-8	0.000027
1158	1	3.06216E-8	0.000027
1160	1	3.06216E-8	0.000027
1161	3	9.18649E-8	0.000027
1163	1	3.06216E-8	0.000027
1164	1	3.06216E-8	0.000027
1172	1	3.06216E-8	0.000027
1173	1	3.06216E-8	0.000027
1176	1	3.06216E-8	0.000027
1177	1	3.06216E-8	0.000027
1179	3	9.18649E-8	0.000027
1180	3	9.18649E-8	0.000026
1181	1	3.06216E-8	0.000026
1188	1	3.06216E-8	0.000026
1192	1	3.06216E-8	0.000026
1194	1	3.06216E-8	0.000026
1197	2	6.12433E-8	0.000026
1198	2	6.12433E-8	0.000026
1201	1	3.06216E-8	0.000026
1202	1	3.06216E-8	0.000026
1203	1	3.06216E-8	0.000026
1204	3	9.18649E-8	0.000026
1206	1	3.06216E-8	0.000026
1207	1	3.06216E-8	0.000026
1209	2	6.12433E-8	0.000026
1211	1	3.06216E-8	0.000026
1213	1	3.06216E-8	0.000026
1215	1	3.06216E-8	0.000026
1216	1	3.06216E-8	0.000026
1217	1	3.06216E-8	0.000026
1219	3	9.18649E-8	0.000026
1222	1	3.06216E-8	0.000026
1224	1	3.06216E-8	0.000026
1227	1	3.06216E-8	0.000025
1229	1	3.06216E-8	0.000025
1230	1	3.06216E-8	0.000025
1231	1	3.06216E-8	0.000025
1232	2	6.12433E-8	0.000025
1233	1	3.06216E-8	0.000025
1239	1	3.06216E-8	0.000025
1240	1	3.06216E-8	0.000025
1242	1	3.06216E-8	0.000025
1245	1	3.06216E-8	0.000025
1248	1	3.06216E-8	0.000025
1255	1	3.06216E-8	0.000025
1260	1	3.06216E-8	0.000025
1262	1	3.06216E-8	0.000025
1264	1	3.06216E-8	0.000025
1270	2	6.12433E-8	0.000025
1273	1	3.06216E-8	0.000025
1279	2	6.12433E-8	0.000025
1281	2	6.12433E-8	0.000025
1282	1	3.06216E-8	0.000025
1284	1	3.06216E-8	0.000025
1285	1	3.06216E-8	0.000025
1286	2	6.12433E-8	0.000025
1287	1	3.06216E-8	0.000025
1289	2	6.12433E-8	0.000025
1293	1	3.06216E-8	0.000025
1294	1	3.06216E-8	0.000024
1295	2	6.12433E-8	0.000024
1297	1	3.06216E-8	0.000024
1299	1	3.06216E-8	0.000024
1303	2	6.12433E-8	0.000024
1305	1	3.06216E-8	0.000024
1311	1	3.06216E-8	0.000024
1313	1	3.06216E-8	0.000024
1315	1	3.06216E-8	0.000024
1333	1	3.06216E-8	0.000024
1339	2	6.12433E-8	0.000024
1340	2	6.12433E-8	0.000024
1343	1	3.06216E-8	0.000024
1344	1	3.06216E-8	0.000024
1346	1	3.06216E-8	0.000024
1349	1	3.06216E-8	0.000024
1350	1	3.06216E-8	0.000024
1351	1	3.06216E-8	0.000024
1352	1	3.06216E-8	0.000024
1353	1	3.06216E-8	0.000024
1355	1	3.06216E-8	0.000024
1356	1	3.06216E-8	0.000024
1357	1	3.06216E-8	0.000024
1364	1	3.06216E-8	0.000024
1368	1	3.06216E-8	0.000024
1369	2	6.12433E-8	0.000024
1370	1	3.06216E-8	0.000024
1371	3	9.18649E-8	0.000024
1378	1	3.06216E-8	0.000023
1383	2	6.12433E-8	0.000023
1385	1	3.06216E-8	0.000023
1386	1	3.06216E-8	0.000023
1391	2	6.12433E-8	0.000023
1392	1	3.06216E-8	0.000023
1393	1	3.06216E-8	0.000023
1398	1	3.06216E-8	0.000023
1399	3	9.18649E-8	0.000023
1401	2	6.12433E-8	0.000023
1408	1	3.06216E-8	0.000023
1410	1	3.06216E-8	0.000023
1411	2	6.12433E-8	0.000023
1413	1	3.06216E-8	0.000023
1414	1	3.06216E-8	0.000023
1415	1	3.06216E-8	0.000023
1418	1	3.06216E-8	0.000023
1427	1	3.06216E-8	0.000023
1428	1	3.06216E-8	0.000023
1432	1	3.06216E-8	0.000023
1433	1	3.06216E-8	0.000023
1438	1	3.06216E-8	0.000023
1442	1	3.06216E-8	0.000023
1443	2	6.12433E-8	0.000023
1444	1	3.06216E-8	0.000022
1450	1	3.06216E-8	0.000022
1451	1	3.06216E-8	0.000022
1452	1	3.06216E-8	0.000022
1458	1	3.06216E-8	0.000022
1464	1	3.06216E-8	0.000022
1468	1	3.06216E-8	0.000022
1472	3	9.18649E-8	0.000022
1473	1	3.06216E-8	0.000022
1480	1	3.06216E-8	0.000022
1483	1	3.06216E-8	0.000022
1488	1	3.06216E-8	0.000022
1492	1	3.06216E-8	0.000022
1493	1	3.06216E-8	0.000022
1496	1	3.06216E-8	0.000022
1497	1	3.06216E-8	0.000022
1499	1	3.06216E-8	0.000022
1500	2	6.12433E-8	0.000022
1501	1	3.06216E-8	0.000022
1505	1	3.06216E-8	0.000022
1509	1	3.06216E-8	0.000022
1511	1	3.06216E-8	0.000022
1512	1	3.06216E-8	0.000022
1513	1	3.06216E-8	0.000022
1515	1	3.06216E-8	0.000022
1517	1	3.06216E-8	0.000022
1523	2	6.12433E-8	0.000022
1527	1	3.06216E-8	0.000022
1532	1	3.06216E-8	0.000021
1534	1	3.06216E-8	0.000021
1542	1	3.06216E-8	0.000021
1543	1	3.06216E-8	0.000021
1547	1	3.06216E-8	0.000021
1549	1	3.06216E-8	0.000021
1550	1	3.06216E-8	0.000021
1551	1	3.06216E-8	0.000021
1553	1	3.06216E-8	0.000021
1569	1	3.06216E-8	0.000021
1570	1	3.06216E-8	0.000021
1574	1	3.06216E-8	0.000021
1575	1	3.06216E-8	0.000021
1578	1	3.06216E-8	0.000021
1582	1	3.06216E-8	0.000021
1589	1	3.06216E-8	0.000021
1595	1	3.06216E-8	0.000021
1598	1	3.06216E-8	0.000021
1599	1	3.06216E-8	0.000021
1601	1	3.06216E-8	0.000021
1603	1	3.06216E-8	0.000021
1605	1	3.06216E-8	0.000021
1606	2	6.12433E-8	0.000021
1614	2	6.12433E-8	0.000021
1627	1	3.06216E-8	0.000021
1628	1	3.06216E-8	0.000021
1633	1	3.06216E-8	0.000021
1638	1	3.06216E-8	0.000021
1640	1	3.06216E-8	0.000021
1641	1	3.06216E-8	0.000021
1643	2	6.12433E-8	0.000021
1645	1	3.06216E-8	0.00002
1650	1	3.06216E-8	0.00002
1651	2	6.12433E-8	0.00002
1652	1	3.06216E-8	0.00002
1655	2	6.12433E-8	0.00002
1657	1	3.06216E-8	0.00002
1663	2	6.12433E-8	0.00002
1665	1	3.06216E-8	0.00002
1671	1	3.06216E-8	0.00002
1674	1	3.06216E-8	0.00002
1678	1	3.06216E-8	0.00002
1689	1	3.06216E-8	0.00002
1693	1	3.06216E-8	0.00002
1695	2	6.12433E-8	0.00002
1704	1	3.06216E-8	0.00002
1705	1	3.06216E-8	0.00002
1708	1	3.06216E-8	0.00002
1717	1	3.06216E-8	0.00002
1718	1	3.06216E-8	0.00002
1724	1	3.06216E-8	0.00002
1726	1	3.06216E-8	0.00002
1729	1	3.06216E-8	0.00002
1732	1	3.06216E-8	0.00002
1735	1	3.06216E-8	0.00002
1742	1	3.06216E-8	0.00002
1744	1	3.06216E-8	0.00002
1750	1	3.06216E-8	0.00002
1753	1	3.06216E-8	0.00002
1754	1	3.06216E-8	0.000019
1755	2	6.12433E-8	0.000019
1758	1	3.06216E-8	0.000019
1763	3	9.18649E-8	0.000019
1765	1	3.06216E-8	0.000019
1766	1	3.06216E-8	0.000019
1767	1	3.06216E-8	0.000019
1768	1	3.06216E-8	0.000019
1776	1	3.06216E-8	0.000019
1778	1	3.06216E-8	0.000019
1779	1	3.06216E-8	0.000019
1780	1	3.06216E-8	0.000019
1782	1	3.06216E-8	0.000019
1787	2	6.12433E-8	0.000019
1794	1	3.06216E-8	0.000019
1796	1	3.06216E-8	0.000019
1797	1	3.06216E-8	0.000019
1800	1	3.06216E-8	0.000019
1802	1	3.06216E-8	0.000019
1809	1	3.06216E-8	0.000019
1817	2	6.12433E-8	0.000019
1822	1	3.06216E-8	0.000019
1826	1	3.06216E-8	0.000019
1835	1	3.06216E-8	0.000019
1840	1	3.06216E-8	0.000019
1845	1	3.06216E-8	0.000019
1858	1	3.06216E-8	0.000019
1859	1	3.06216E-8	0.000018
1860	2	6.12433E-8	0.000018
1864	2	6.12433E-8	0.000018
1867	1	3.06216E-8	0.000018
1868	1	3.06216E-8	0.000018
1871	1	3.06216E-8	0.000018
1881	1	3.06216E-8	0.000018
1891	1	3.06216E-8	0.000018
1896	1	3.06216E-8	0.000018
1902	1	3.06216E-8	0.000018
1907	1	3.06216E-8	0.000018
1911	1	3.06216E-8	0.000018
1913	1	3.06216E-8	0.000018
1914	1	3.06216E-8	0.000018
1921	1	3.06216E-8	0.000018
1927	1	3.06216E-8	0.000018
1931	1	3.06216E-8	0.000018
1934	1	3.06216E-8	0.000018
1940	1	3.06216E-8	0.000018
1943	1	3.06216E-8	0.000018
1955	1	3.06216E-8	0.000018
1956	1	3.06216E-8	0.000018
1961	2	6.12433E-8	0.000018
1972	1	3.06216E-8	0.000018
1977	1	3.06216E-8	0.000018
1978	1	3.06216E-8	0.000018
1979	1	3.06216E-8	0.000018
1987	1	3.06216E-8	0.000018
1988	1	3.06216E-8	0.000018
1989	1	3.06216E-8	0.000018
2000	1	3.06216E-8	0.000017
2001	1	3.06216E-8	0.000017
2021	1	3.06216E-8	0.000017
2022	1	3.06216E-8	0.000017
2027	1	3.06216E-8	0.000017
2041	1	3.06216E-8	0.000017
2044	1	3.06216E-8	0.000017
2049	1	3.06216E-8	0.000017
2051	1	3.06216E-8	0.000017
2056	1	3.06216E-8	0.000017
2062	2	6.12433E-8	0.000017
2063	1	3.06216E-8	0.000017
2064	1	3.06216E-8	0.000017
2065	1	3.06216E-8	0.000017
2074	2	6.12433E-8	0.000017
2078	1	3.06216E-8	0.000017
2087	1	3.06216E-8	0.000017
2089	2	6.12433E-8	0.000017
2098	1	3.06216E-8	0.000017
2108	1	3.06216E-8	0.000017
2115	1	3.06216E-8	0.000017
2121	1	3.06216E-8	0.000017
2122	1	3.06216E-8	0.000017
2123	1	3.06216E-8	0.000017
2124	1	3.06216E-8	0.000017
2125	1	3.06216E-8	0.000017
2133	1	3.06216E-8	0.000017
2140	1	3.06216E-8	0.000017
2146	1	3.06216E-8	0.000017
2151	2	6.12433E-8	0.000017
2156	1	3.06216E-8	0.000016
2161	1	3.06216E-8	0.000016
2162	1	3.06216E-8	0.000016
2170	2	6.12433E-8	0.000016
2174	1	3.06216E-8	0.000016
2177	1	3.06216E-8	0.000016
2186	2	6.12433E-8	0.000016
2191	1	3.06216E-8	0.000016
2193	1	3.06216E-8	0.000016
2198	1	3.06216E-8	0.000016
2199	1	3.06216E-8	0.000016
2201	1	3.06216E-8	0.000016
2203	1	3.06216E-8	0.000016
2209	3	9.18649E-8	0.000016
2222	1	3.06216E-8	0.000016
2227	1	3.06216E-8	0.000016
2228	1	3.06216E-8	0.000016
2229	1	3.06216E-8	0.000016
2234	1	3.06216E-8	0.000016
2241	2	6.12433E-8	0.000016
2243	1	3.06216E-8	0.000016
2244	1	3.06216E-8	0.000016
2250	2	6.12433E-8	0.000016
2251	1	3.06216E-8	0.000016
2253	1	3.06216E-8	0.000016
2255	1	3.06216E-8	0.000015
2260	1	3.06216E-8	0.000015
2270	1	3.06216E-8	0.000015
2277	1	3.06216E-8	0.000015
2280	1	3.06216E-8	0.000015
2282	1	3.06216E-8	0.000015
2290	1	3.06216E-8	0.000015
2297	1	3.06216E-8	0.000015
2314	1	3.06216E-8	0.000015
2318	1	3.06216E-8	0.000015
2320	1	3.06216E-8	0.000015
2334	1	3.06216E-8	0.000015
2335	2	6.12433E-8	0.000015
2336	1	3.06216E-8	0.000015
2339	1	3.06216E-8	0.000015
2344	1	3.06216E-8	0.000015
2346	1	3.06216E-8	0.000015
2351	1	3.06216E-8	0.000015
2358	1	3.06216E-8	0.000015
2359	1	3.06216E-8	0.000015
2362	1	3.06216E-8	0.000015
2363	1	3.06216E-8	0.000015
2368	1	3.06216E-8	0.000015
2375	1	3.06216E-8	0.000015
2390	1	3.06216E-8	0.000015
2396	3	9.18649E-8	0.000015
2397	1	3.06216E-8	0.000015
2403	2	6.12433E-8	0.000015
2407	1	3.06216E-8	0.000015
2415	1	3.06216E-8	0.000014
2417	1	3.06216E-8	0.000014
2425	1	3.06216E-8	0.000014
2426	1	3.06216E-8	0.000014
2434	1	3.06216E-8	0.000014
2435	1	3.06216E-8	0.000014
2438	1	3.06216E-8	0.000014
2442	1	3.06216E-8	0.000014
2447	1	3.06216E-8	0.000014
2451	1	3.06216E-8	0.000014
2456	1	3.06216E-8	0.000014
2463	1	3.06216E-8	0.000014
2469	1	3.06216E-8	0.000014
2473	1	3.06216E-8	0.000014
2488	1	3.06216E-8	0.000014
2492	1	3.06216E-8	0.000014
2496	1	3.06216E-8	0.000014
2498	1	3.06216E-8	0.000014
2514	1	3.06216E-8	0.000014
2515	1	3.06216E-8	0.000014
2518	1	3.06216E-8	0.000014
2527	1	3.06216E-8	0.000014
2533	1	3.06216E-8	0.000014
2541	1	3.06216E-8	0.000014
2547	1	3.06216E-8	0.000014
2561	1	3.06216E-8	0.000014
2567	2	6.12433E-8	0.000014
2568	1	3.06216E-8	0.000014
2573	1	3.06216E-8	0.000014
2584	1	3.06216E-8	0.000014
2590	3	9.18649E-8	0.000014
2626	1	3.06216E-8	0.000013
2629	1	3.06216E-8	0.000013
2634	1	3.06216E-8	0.000013
2636	1	3.06216E-8	0.000013
2647	1	3.06216E-8	0.000013
2648	1	3.06216E-8	0.000013
2649	1	3.06216E-8	0.000013
2658	1	3.06216E-8	0.000013
2660	1	3.06216E-8	0.000013
2662	1	3.06216E-8	0.000013
2667	1	3.06216E-8	0.000013
2673	1	3.06216E-8	0.000013
2683	1	3.06216E-8	0.000013
2684	1	3.06216E-8	0.000013
2692	1	3.06216E-8	0.000013
2698	1	3.06216E-8	0.000013
2701	1	3.06216E-8	0.000013
2702	1	3.06216E-8	0.000013
2705	1	3.06216E-8	0.000013
2711	2	6.12433E-8	0.000013
2721	1	3.06216E-8	0.000013
2731	1	3.06216E-8	0.000013
2734	2	6.12433E-8	0.000013
2750	1	3.06216E-8	0.000013
2759	1	3.06216E-8	0.000013
2773	1	3.06216E-8	0.000013
2793	1	3.06216E-8	0.000013
2798	1	3.06216E-8	0.000013
2801	1	3.06216E-8	0.000013
2807	1	3.06216E-8	0.000012
2815	1	3.06216E-8	0.000012
2826	1	3.06216E-8	0.000012
2827	1	3.06216E-8	0.000012
2829	1	3.06216E-8	0.000012
2847	1	3.06216E-8	0.000012
2862	1	3.06216E-8	0.000012
2863	1	3.06216E-8	0.000012
2887	1	3.06216E-8	0.000012
2895	1	3.06216E-8	0.000012
2897	1	3.06216E-8	0.000012
2902	1	3.06216E-8	0.000012
2909	1	3.06216E-8	0.000012
2912	1	3.06216E-8	0.000012
2915	1	3.06216E-8	0.000012
2917	1	3.06216E-8	0.000012
2926	2	6.12433E-8	0.000012
2933	1	3.06216E-8	0.000012
2938	1	3.06216E-8	0.000012
2944	2	6.12433E-8	0.000012
2953	1	3.06216E-8	0.000012
2955	1	3.06216E-8	0.000012
2960	1	3.06216E-8	0.000012
2965	1	3.06216E-8	0.000012
2967	1	3.06216E-8	0.000012
2970	2	6.12433E-8	0.000012
2978	1	3.06216E-8	0.000012
2987	1	3.06216E-8	0.000012
2989	1	3.06216E-8	0.000012
3004	1	3.06216E-8	0.000012
3012	2	6.12433E-8	0.000011
3016	1	3.06216E-8	0.000011
3017	1	3.06216E-8	0.000011
3020	1	3.06216E-8	0.000011
3024	1	3.06216E-8	0.000011
3033	1	3.06216E-8	0.000011
3039	1	3.06216E-8	0.000011
3049	1	3.06216E-8	0.000011
3050	1	3.06216E-8	0.000011
3051	1	3.06216E-8	0.000011
3052	1	3.06216E-8	0.000011
3054	1	3.06216E-8	0.000011
3062	2	6.12433E-8	0.000011
3073	2	6.12433E-8	0.000011
3087	1	3.06216E-8	0.000011
3090	1	3.06216E-8	0.000011
3096	1	3.06216E-8	0.000011
3099	1	3.06216E-8	0.000011
3105	1	3.06216E-8	0.000011
3107	1	3.06216E-8	0.000011
3124	1	3.06216E-8	0.000011
3133	1	3.06216E-8	0.000011
3136	1	3.06216E-8	0.000011
3157	1	3.06216E-8	0.000011
3168	1	3.06216E-8	0.000011
3187	1	3.06216E-8	0.000011
3192	2	6.12433E-8	0.000011
3196	1	3.06216E-8	0.000011
3201	1	3.06216E-8	0.000011
3206	1	3.06216E-8	0.00001
3218	1	3.06216E-8	0.00001
3228	1	3.06216E-8	0.00001
3259	1	3.06216E-8	0.00001
3262	1	3.06216E-8	0.00001
3270	1	3.06216E-8	0.00001
3282	1	3.06216E-8	0.00001
3286	1	3.06216E-8	0.00001
3297	1	3.06216E-8	0.00001
3298	1	3.06216E-8	0.00001
3308	1	3.06216E-8	0.00001
3311	1	3.06216E-8	0.00001
3314	2	6.12433E-8	0.00001
3319	1	3.06216E-8	0.00001
3325	1	3.06216E-8	0.00001
3327	1	3.06216E-8	9.98266E-6
3337	1	3.06216E-8	9.95204E-6
3349	1	3.06216E-8	9.92141E-6
3351	1	3.06216E-8	9.89079E-6
3362	1	3.06216E-8	9.86017E-6
3363	1	3.06216E-8	9.82955E-6
3365	1	3.06216E-8	9.79893E-6
3367	1	3.06216E-8	9.76831E-6
3372	1	3.06216E-8	9.73768E-6
3374	1	3.06216E-8	9.70706E-6
3405	1	3.06216E-8	9.67644E-6
3409	1	3.06216E-8	9.64582E-6
3418	1	3.06216E-8	9.6152E-6
3419	1	3.06216E-8	9.58458E-6
3428	1	3.06216E-8	9.55395E-6
3443	1	3.06216E-8	9.52333E-6
3460	1	3.06216E-8	9.49271E-6
3482	1	3.06216E-8	9.46209E-6
3487	1	3.06216E-8	9.43147E-6
3489	1	3.06216E-8	9.40085E-6
3491	1	3.06216E-8	9.37022E-6
3498	1	3.06216E-8	9.3396E-6
3519	1	3.06216E-8	9.30898E-6
3528	1	3.06216E-8	9.27836E-6
3538	1	3.06216E-8	9.24774E-6
3567	1	3.06216E-8	9.21712E-6
3575	1	3.06216E-8	9.18649E-6
3577	1	3.06216E-8	9.15587E-6
3585	1	3.06216E-8	9.12525E-6
3606	1	3.06216E-8	9.09463E-6
3609	1	3.06216E-8	9.06401E-6
3621	1	3.06216E-8	9.03339E-6
3626	1	3.06216E-8	9.00276E-6
3639	1	3.06216E-8	8.97214E-6
3644	1	3.06216E-8	8.94152E-6
3645	1	3.06216E-8	8.9109E-6
3666	1	3.06216E-8	8.88028E-6
3672	1	3.06216E-8	8.84966E-6
3678	2	6.12433E-8	8.81904E-6
3689	1	3.06216E-8	8.75779E-6
3699	1	3.06216E-8	8.72717E-6
3710	1	3.06216E-8	8.69655E-6
3719	1	3.06216E-8	8.66593E-6
3732	1	3.06216E-8	8.63531E-6
3747	1	3.06216E-8	8.60468E-6
3768	1	3.06216E-8	8.57406E-6
3784	1	3.06216E-8	8.54344E-6
3790	1	3.06216E-8	8.51282E-6
3792	1	3.06216E-8	8.4822E-6
3809	1	3.06216E-8	8.45158E-6
3810	1	3.06216E-8	8.42095E-6
3813	1	3.06216E-8	8.39033E-6
3835	1	3.06216E-8	8.35971E-6
3838	1	3.06216E-8	8.32909E-6
3852	2	6.12433E-8	8.29847E-6
3854	1	3.06216E-8	8.23722E-6
3865	1	3.06216E-8	8.2066E-6
3871	1	3.06216E-8	8.17598E-6
3878	1	3.06216E-8	8.14536E-6
3880	1	3.06216E-8	8.11474E-6
3885	1	3.06216E-8	8.08412E-6
3888	1	3.06216E-8	8.05349E-6
3913	1	3.06216E-8	8.02287E-6
3915	1	3.06216E-8	7.99225E-6
3931	1	3.06216E-8	7.96163E-6
3944	1	3.06216E-8	7.93101E-6
3955	1	3.06216E-8	7.90039E-6
3969	1	3.06216E-8	7.86976E-6
3989	1	3.06216E-8	7.83914E-6
3993	1	3.06216E-8	7.80852E-6
3996	1	3.06216E-8	7.7779E-6
4020	1	3.06216E-8	7.74728E-6
4038	1	3.06216E-8	7.71666E-6
4040	1	3.06216E-8	7.68603E-6
4041	1	3.06216E-8	7.65541E-6
4053	1	3.06216E-8	7.62479E-6
4062	1	3.06216E-8	7.59417E-6
4093	1	3.06216E-8	7.56355E-6
4123	1	3.06216E-8	7.53293E-6
4125	1	3.06216E-8	7.5023E-6
4133	1	3.06216E-8	7.47168E-6
4137	1	3.06216E-8	7.44106E-6
4140	1	3.06216E-8	7.41044E-6
4153	1	3.06216E-8	7.37982E-6
4163	1	3.06216E-8	7.3492E-6
4222	1	3.06216E-8	7.31857E-6
4231	1	3.06216E-8	7.28795E-6
4242	1	3.06216E-8	7.25733E-6
4254	1	3.06216E-8	7.22671E-6
4257	1	3.06216E-8	7.19609E-6
4263	1	3.06216E-8	7.16547E-6
4276	1	3.06216E-8	7.13484E-6
4311	1	3.06216E-8	7.10422E-6
4331	2	6.12433E-8	7.0736E-6
4349	1	3.06216E-8	7.01236E-6
4367	1	3.06216E-8	6.98174E-6
4395	1	3.06216E-8	6.95111E-6
4431	1	3.06216E-8	6.92049E-6
4464	1	3.06216E-8	6.88987E-6
4475	1	3.06216E-8	6.85925E-6
4478	1	3.06216E-8	6.82863E-6
4485	1	3.06216E-8	6.79801E-6
4487	1	3.06216E-8	6.76738E-6
4498	1	3.06216E-8	6.73676E-6
4508	1	3.06216E-8	6.70614E-6
4519	1	3.06216E-8	6.67552E-6
4525	1	3.06216E-8	6.6449E-6
4533	1	3.06216E-8	6.61428E-6
4560	1	3.06216E-8	6.58365E-6
4570	1	3.06216E-8	6.55303E-6
4583	1	3.06216E-8	6.52241E-6
4588	1	3.06216E-8	6.49179E-6
4597	1	3.06216E-8	6.46117E-6
4616	1	3.06216E-8	6.43055E-6
4627	1	3.06216E-8	6.39992E-6
4633	1	3.06216E-8	6.3693E-6
4636	1	3.06216E-8	6.33868E-6
4642	1	3.06216E-8	6.30806E-6
4647	1	3.06216E-8	6.27744E-6
4649	1	3.06216E-8	6.24682E-6
4664	1	3.06216E-8	6.21619E-6
4665	1	3.06216E-8	6.18557E-6
4674	1	3.06216E-8	6.15495E-6
4704	1	3.06216E-8	6.12433E-6
4706	1	3.06216E-8	6.09371E-6
4713	1	3.06216E-8	6.06309E-6
4734	1	3.06216E-8	6.03246E-6
4736	1	3.06216E-8	6.00184E-6
4737	1	3.06216E-8	5.97122E-6
4761	1	3.06216E-8	5.9406E-6
4794	1	3.06216E-8	5.90998E-6
4813	1	3.06216E-8	5.87936E-6
4816	1	3.06216E-8	5.84874E-6
4826	1	3.06216E-8	5.81811E-6
4834	1	3.06216E-8	5.78749E-6
4887	1	3.06216E-8	5.75687E-6
4897	1	3.06216E-8	5.72625E-6
4962	1	3.06216E-8	5.69563E-6
4965	1	3.06216E-8	5.66501E-6
4966	1	3.06216E-8	5.63438E-6
4978	1	3.06216E-8	5.60376E-6
4983	2	6.12433E-8	5.57314E-6
4994	1	3.06216E-8	5.5119E-6
4995	1	3.06216E-8	5.48128E-6
5032	1	3.06216E-8	5.45065E-6
5048	1	3.06216E-8	5.42003E-6
5050	1	3.06216E-8	5.38941E-6
5055	1	3.06216E-8	5.35879E-6
5085	1	3.06216E-8	5.32817E-6
5102	1	3.06216E-8	5.29755E-6
5131	1	3.06216E-8	5.26692E-6
5167	1	3.06216E-8	5.2363E-6
5197	1	3.06216E-8	5.20568E-6
5211	1	3.06216E-8	5.17506E-6
5220	1	3.06216E-8	5.14444E-6
5240	1	3.06216E-8	5.11382E-6
5256	1	3.06216E-8	5.08319E-6
5282	1	3.06216E-8	5.05257E-6
5298	1	3.06216E-8	5.02195E-6
5314	1	3.06216E-8	4.99133E-6
5332	1	3.06216E-8	4.96071E-6
5339	1	3.06216E-8	4.93009E-6
5355	1	3.06216E-8	4.89946E-6
5464	1	3.06216E-8	4.86884E-6
5465	1	3.06216E-8	4.83822E-6
5509	1	3.06216E-8	4.8076E-6
5513	1	3.06216E-8	4.77698E-6
5517	1	3.06216E-8	4.74636E-6
5531	1	3.06216E-8	4.71573E-6
5566	1	3.06216E-8	4.68511E-6
5573	1	3.06216E-8	4.65449E-6
5581	1	3.06216E-8	4.62387E-6
5594	1	3.06216E-8	4.59325E-6
5618	1	3.06216E-8	4.56263E-6
5630	1	3.06216E-8	4.532E-6
5651	1	3.06216E-8	4.50138E-6
5667	1	3.06216E-8	4.47076E-6
5687	1	3.06216E-8	4.44014E-6
5692	2	6.12433E-8	4.40952E-6
5701	1	3.06216E-8	4.34827E-6
5719	1	3.06216E-8	4.31765E-6
5755	1	3.06216E-8	4.28703E-6
5762	2	6.12433E-8	4.25641E-6
5774	1	3.06216E-8	4.19517E-6
5779	1	3.06216E-8	4.16454E-6
5837	1	3.06216E-8	4.13392E-6
5874	1	3.06216E-8	4.1033E-6
5885	1	3.06216E-8	4.07268E-6
5889	1	3.06216E-8	4.04206E-6
5896	1	3.06216E-8	4.01144E-6
5926	1	3.06216E-8	3.98081E-6
5927	1	3.06216E-8	3.95019E-6
5943	1	3.06216E-8	3.91957E-6
5960	1	3.06216E-8	3.88895E-6
5969	1	3.06216E-8	3.85833E-6
5996	1	3.06216E-8	3.82771E-6
6055	1	3.06216E-8	3.79708E-6
6142	1	3.06216E-8	3.76646E-6
6182	1	3.06216E-8	3.73584E-6
6215	1	3.06216E-8	3.70522E-6
6259	1	3.06216E-8	3.6746E-6
6264	1	3.06216E-8	3.64398E-6
6315	1	3.06216E-8	3.61335E-6
6356	1	3.06216E-8	3.58273E-6
6371	1	3.06216E-8	3.55211E-6
6409	1	3.06216E-8	3.52149E-6
6414	1	3.06216E-8	3.49087E-6
6631	1	3.06216E-8	3.46025E-6
6696	1	3.06216E-8	3.42962E-6
6697	1	3.06216E-8	3.399E-6
6703	1	3.06216E-8	3.36838E-6
6758	1	3.06216E-8	3.33776E-6
6851	1	3.06216E-8	3.30714E-6
6876	1	3.06216E-8	3.27652E-6
6919	1	3.06216E-8	3.24589E-6
6967	1	3.06216E-8	3.21527E-6
6976	1	3.06216E-8	3.18465E-6
7013	1	3.06216E-8	3.15403E-6
7022	1	3.06216E-8	3.12341E-6
7064	1	3.06216E-8	3.09279E-6
7107	1	3.06216E-8	3.06216E-6
7110	1	3.06216E-8	3.03154E-6
7182	1	3.06216E-8	3.00092E-6
7232	1	3.06216E-8	2.9703E-6
7260	1	3.06216E-8	2.93968E-6
7265	1	3.06216E-8	2.90906E-6
7285	1	3.06216E-8	2.87844E-6
7325	1	3.06216E-8	2.84781E-6
7439	1	3.06216E-8	2.81719E-6
7447	1	3.06216E-8	2.78657E-6
7463	1	3.06216E-8	2.75595E-6
7496	1	3.06216E-8	2.72533E-6
7541	1	3.06216E-8	2.69471E-6
7544	1	3.06216E-8	2.66408E-6
7580	1	3.06216E-8	2.63346E-6
7689	1	3.06216E-8	2.60284E-6
7858	1	3.06216E-8	2.57222E-6
7933	1	3.06216E-8	2.5416E-6
7955	1	3.06216E-8	2.51098E-6
7973	1	3.06216E-8	2.48035E-6
8016	1	3.06216E-8	2.44973E-6
8113	1	3.06216E-8	2.41911E-6
8170	1	3.06216E-8	2.38849E-6
8211	1	3.06216E-8	2.35787E-6
8215	1	3.06216E-8	2.32725E-6
8383	1	3.06216E-8	2.29662E-6
8385	1	3.06216E-8	2.266E-6
8471	1	3.06216E-8	2.23538E-6
8480	1	3.06216E-8	2.20476E-6
8561	1	3.06216E-8	2.17414E-6
8569	1	3.06216E-8	2.14352E-6
8604	1	3.06216E-8	2.11289E-6
8725	1	3.06216E-8	2.08227E-6
8839	1	3.06216E-8	2.05165E-6
9023	1	3.06216E-8	2.02103E-6
9032	1	3.06216E-8	1.99041E-6
9079	1	3.06216E-8	1.95979E-6
9085	1	3.06216E-8	1.92916E-6
9245	1	3.06216E-8	1.89854E-6
9276	1	3.06216E-8	1.86792E-6
9394	1	3.06216E-8	1.8373E-6
9945	1	3.06216E-8	1.80668E-6
9989	1	3.06216E-8	1.77606E-6
10119	1	3.06216E-8	1.74543E-6
10169	1	3.06216E-8	1.71481E-6
10174	1	3.06216E-8	1.68419E-6
10328	1	3.06216E-8	1.65357E-6
10403	1	3.06216E-8	1.62295E-6
10624	1	3.06216E-8	1.59233E-6
10636	1	3.06216E-8	1.5617E-6
10842	1	3.06216E-8	1.53108E-6
10906	1	3.06216E-8	1.50046E-6
11211	1	3.06216E-8	1.46984E-6
11447	1	3.06216E-8	1.43922E-6
11457	1	3.06216E-8	1.4086E-6
11584	1	3.06216E-8	1.37797E-6
11625	1	3.06216E-8	1.34735E-6
11730	1	3.06216E-8	1.31673E-6
11866	1	3.06216E-8	1.28611E-6
11917	1	3.06216E-8	1.25549E-6
12197	1	3.06216E-8	1.22487E-6
12268	1	3.06216E-8	1.19424E-6
12490	1	3.06216E-8	1.16362E-6
12568	1	3.06216E-8	1.133E-6
13221	1	3.06216E-8	1.10238E-6
13273	1	3.06216E-8	1.07176E-6
13425	1	3.06216E-8	1.04114E-6
13962	1	3.06216E-8	1.01051E-6
14027	1	3.06216E-8	9.79893E-7
14121	1	3.06216E-8	9.49271E-7
14218	1	3.06216E-8	9.18649E-7
14412	1	3.06216E-8	8.88028E-7
14805	1	3.06216E-8	8.57406E-7
15389	1	3.06216E-8	8.26785E-7
15507	1	3.06216E-8	7.96163E-7
16065	1	3.06216E-8	7.65541E-7
17534	1	3.06216E-8	7.3492E-7
17674	1	3.06216E-8	7.04298E-7
18302	1	3.06216E-8	6.73676E-7
18373	1	3.06216E-8	6.43055E-7
18558	1	3.06216E-8	6.12433E-7
19170	1	3.06216E-8	5.81811E-7
19263	1	3.06216E-8	5.5119E-7
20143	1	3.06216E-8	5.20568E-7
20182	1	3.06216E-8	4.89946E-7
20377	1	3.06216E-8	4.59325E-7
20697	1	3.06216E-8	4.28703E-7
23386	1	3.06216E-8	3.98081E-7
23805	1	3.06216E-8	3.6746E-7
24562	1	3.06216E-8	3.36838E-7
25763	1	3.06216E-8	3.06216E-7
26400	1	3.06216E-8	2.75595E-7
28435	1	3.06216E-8	2.44973E-7
28708	1	3.06216E-8	2.14352E-7
30420	1	3.06216E-8	1.8373E-7
33474	1	3.06216E-8	1.53108E-7
35074	1	3.06216E-8	1.22487E-7
35213	1	3.06216E-8	9.18649E-8
37146	1	3.06216E-8	6.12433E-8
37368	1	3.06216E-8	3.06216E-8
