family_size	count	fraction	fraction_gt_or_eq_family_size
1	28795499	0.745599	1
2	6667426	0.172639	0.254401
3	1736294	0.044958	0.081762
4	605894	0.015688	0.036805
5	280303	0.007258	0.021116
6	145531	0.003768	0.013858
7	101463	0.002627	0.01009
8	62804	0.001626	0.007463
9	44520	0.001153	0.005837
10	33263	0.000861	0.004684
11	25169	0.000652	0.003823
12	17905	0.000464	0.003171
13	15608	0.000404	0.002707
14	11845	0.000307	0.002303
15	9208	0.000238	0.001997
16	7887	0.000204	0.001758
17	6535	0.000169	0.001554
18	5307	0.000137	0.001385
19	4586	0.000119	0.001247
20	3900	0.000101	0.001129
21	3312	0.000086	0.001028
22	2828	0.000073	0.000942
23	2535	0.000066	0.000869
24	2187	0.000057	0.000803
25	1961	0.000051	0.000746
26	1744	0.000045	0.000696
27	1518	0.000039	0.00065
28	1335	0.000035	0.000611
29	1249	0.000032	0.000577
30	1083	0.000028	0.000544
31	1041	0.000027	0.000516
32	967	0.000025	0.000489
33	818	0.000021	0.000464
34	799	0.000021	0.000443
35	711	0.000018	0.000422
36	673	0.000017	0.000404
37	605	0.000016	0.000386
38	561	0.000015	0.000371
39	503	0.000013	0.000356
40	430	0.000011	0.000343
41	424	0.000011	0.000332
42	418	0.000011	0.000321
43	371	9.60626E-6	0.00031
44	375	9.70984E-6	0.000301
45	335	8.67412E-6	0.000291
46	286	7.40537E-6	0.000282
47	302	7.81965E-6	0.000275
48	288	7.45715E-6	0.000267
49	264	6.83572E-6	0.00026
50	257	6.65447E-6	0.000253
51	236	6.11072E-6	0.000246
52	248	6.42144E-6	0.00024
53	197	5.1009E-6	0.000234
54	200	5.17858E-6	0.000229
55	181	4.68661E-6	0.000223
56	156	4.03929E-6	0.000219
57	163	4.22054E-6	0.000215
58	170	4.40179E-6	0.00021
59	149	3.85804E-6	0.000206
60	157	4.06518E-6	0.000202
61	130	3.36608E-6	0.000198
62	139	3.59911E-6	0.000195
63	137	3.54733E-6	0.000191
64	118	3.05536E-6	0.000188
65	106	2.74465E-6	0.000184
66	121	3.13304E-6	0.000182
67	110	2.84822E-6	0.000179
68	99	2.5634E-6	0.000176
69	95	2.45983E-6	0.000173
70	106	2.74465E-6	0.000171
71	85	2.2009E-6	0.000168
72	84	2.175E-6	0.000166
73	76	1.96786E-6	0.000164
74	79	2.04554E-6	0.000162
75	79	2.04554E-6	0.00016
76	79	2.04554E-6	0.000158
77	75	1.94197E-6	0.000156
78	81	2.09732E-6	0.000154
79	81	2.09732E-6	0.000151
80	78	2.01965E-6	0.000149
81	63	1.63125E-6	0.000147
82	69	1.78661E-6	0.000146
83	57	1.4759E-6	0.000144
84	53	1.37232E-6	0.000142
85	53	1.37232E-6	0.000141
86	67	1.73482E-6	0.00014
87	40	1.03572E-6	0.000138
88	51	1.32054E-6	0.000137
89	45	1.16518E-6	0.000136
90	52	1.34643E-6	0.000134
91	38	9.8393E-7	0.000133
92	45	1.16518E-6	0.000132
93	40	1.03572E-6	0.000131
94	43	1.11339E-6	0.00013
95	41	1.06161E-6	0.000129
96	37	9.58037E-7	0.000128
97	32	8.28573E-7	0.000127
98	45	1.16518E-6	0.000126
99	33	8.54466E-7	0.000125
100	44	1.13929E-6	0.000124
101	35	9.06251E-7	0.000123
102	45	1.16518E-6	0.000122
103	33	8.54466E-7	0.000121
104	28	7.25001E-7	0.00012
105	42	1.0875E-6	0.000119
106	31	8.0268E-7	0.000118
107	26	6.73215E-7	0.000117
108	32	8.28573E-7	0.000117
109	31	8.0268E-7	0.000116
110	28	7.25001E-7	0.000115
111	30	7.76787E-7	0.000114
112	22	5.69644E-7	0.000113
113	25	6.47322E-7	0.000113
114	28	7.25001E-7	0.000112
115	34	8.80358E-7	0.000112
116	27	6.99108E-7	0.000111
117	33	8.54466E-7	0.00011
118	17	4.40179E-7	0.000109
119	21	5.43751E-7	0.000109
120	23	5.95537E-7	0.000108
121	29	7.50894E-7	0.000108
122	31	8.0268E-7	0.000107
123	18	4.66072E-7	0.000106
124	20	5.17858E-7	0.000105
125	26	6.73215E-7	0.000105
126	22	5.69644E-7	0.000104
127	17	4.40179E-7	0.000104
128	22	5.69644E-7	0.000103
129	19	4.91965E-7	0.000103
130	18	4.66072E-7	0.000102
131	20	5.17858E-7	0.000102
132	25	6.47322E-7	0.000101
133	16	4.14286E-7	0.000101
134	23	5.95537E-7	0.0001
135	10	2.58929E-7	0.0001
136	14	3.62501E-7	0.000099
137	17	4.40179E-7	0.000099
138	15	3.88393E-7	0.000099
139	13	3.36608E-7	0.000098
140	16	4.14286E-7	0.000098
141	20	5.17858E-7	0.000097
142	15	3.88393E-7	0.000097
143	15	3.88393E-7	0.000096
144	15	3.88393E-7	0.000096
145	18	4.66072E-7	0.000096
146	8	2.07143E-7	0.000095
147	13	3.36608E-7	0.000095
148	14	3.62501E-7	0.000095
149	24	6.21429E-7	0.000094
150	24	6.21429E-7	0.000094
151	9	2.33036E-7	0.000093
152	15	3.88393E-7	0.000093
153	11	2.84822E-7	0.000092
154	11	2.84822E-7	0.000092
155	12	3.10715E-7	0.000092
156	9	2.33036E-7	0.000092
157	14	3.62501E-7	0.000091
158	10	2.58929E-7	0.000091
159	15	3.88393E-7	0.000091
160	16	4.14286E-7	0.00009
161	13	3.36608E-7	0.00009
162	10	2.58929E-7	0.00009
163	3	7.76787E-8	0.000089
164	14	3.62501E-7	0.000089
165	8	2.07143E-7	0.000089
166	10	2.58929E-7	0.000089
167	11	2.84822E-7	0.000088
168	9	2.33036E-7	0.000088
169	11	2.84822E-7	0.000088
170	5	1.29464E-7	0.000088
171	14	3.62501E-7	0.000087
172	8	2.07143E-7	0.000087
173	12	3.10715E-7	0.000087
174	19	4.91965E-7	0.000087
175	4	1.03572E-7	0.000086
176	9	2.33036E-7	0.000086
177	7	1.8125E-7	0.000086
178	6	1.55357E-7	0.000086
179	15	3.88393E-7	0.000085
180	8	2.07143E-7	0.000085
181	11	2.84822E-7	0.000085
182	11	2.84822E-7	0.000085
183	7	1.8125E-7	0.000084
184	15	3.88393E-7	0.000084
185	7	1.8125E-7	0.000084
186	14	3.62501E-7	0.000084
187	7	1.8125E-7	0.000083
188	12	3.10715E-7	0.000083
189	5	1.29464E-7	0.000083
190	9	2.33036E-7	0.000083
191	11	2.84822E-7	0.000082
192	11	2.84822E-7	0.000082
193	5	1.29464E-7	0.000082
194	8	2.07143E-7	0.000082
195	7	1.8125E-7	0.000081
196	10	2.58929E-7	0.000081
197	7	1.8125E-7	0.000081
198	11	2.84822E-7	0.000081
199	13	3.36608E-7	0.000081
200	4	1.03572E-7	0.00008
201	9	2.33036E-7	0.00008
202	1	2.58929E-8	0.00008
203	8	2.07143E-7	0.00008
204	8	2.07143E-7	0.00008
205	2	5.17858E-8	0.000079
206	10	2.58929E-7	0.000079
207	7	1.8125E-7	0.000079
208	15	3.88393E-7	0.000079
209	9	2.33036E-7	0.000079
210	14	3.62501E-7	0.000078
211	6	1.55357E-7	0.000078
212	10	2.58929E-7	0.000078
213	6	1.55357E-7	0.000077
214	5	1.29464E-7	0.000077
215	7	1.8125E-7	0.000077
216	10	2.58929E-7	0.000077
217	5	1.29464E-7	0.000077
218	9	2.33036E-7	0.000077
219	5	1.29464E-7	0.000076
220	7	1.8125E-7	0.000076
221	2	5.17858E-8	0.000076
222	7	1.8125E-7	0.000076
223	9	2.33036E-7	0.000076
224	14	3.62501E-7	0.000076
225	5	1.29464E-7	0.000075
226	5	1.29464E-7	0.000075
227	2	5.17858E-8	0.000075
228	6	1.55357E-7	0.000075
229	9	2.33036E-7	0.000075
230	6	1.55357E-7	0.000075
231	8	2.07143E-7	0.000074
232	7	1.8125E-7	0.000074
233	6	1.55357E-7	0.000074
234	6	1.55357E-7	0.000074
235	6	1.55357E-7	0.000074
236	5	1.29464E-7	0.000074
237	9	2.33036E-7	0.000073
238	5	1.29464E-7	0.000073
239	6	1.55357E-7	0.000073
240	5	1.29464E-7	0.000073
241	9	2.33036E-7	0.000073
242	7	1.8125E-7	0.000073
243	9	2.33036E-7	0.000072
244	5	1.29464E-7	0.000072
245	7	1.8125E-7	0.000072
246	5	1.29464E-7	0.000072
247	5	1.29464E-7	0.000072
248	8	2.07143E-7	0.000072
249	2	5.17858E-8	0.000071
250	6	1.55357E-7	0.000071
251	7	1.8125E-7	0.000071
252	11	2.84822E-7	0.000071
253	4	1.03572E-7	0.000071
255	4	1.03572E-7	0.000071
256	6	1.55357E-7	0.00007
257	3	7.76787E-8	0.00007
258	8	2.07143E-7	0.00007
259	8	2.07143E-7	0.00007
260	3	7.76787E-8	0.00007
261	4	1.03572E-7	0.00007
262	4	1.03572E-7	0.00007
263	5	1.29464E-7	0.00007
264	2	5.17858E-8	0.000069
265	5	1.29464E-7	0.000069
266	7	1.8125E-7	0.000069
267	3	7.76787E-8	0.000069
268	5	1.29464E-7	0.000069
269	8	2.07143E-7	0.000069
270	3	7.76787E-8	0.000069
271	5	1.29464E-7	0.000069
272	7	1.8125E-7	0.000068
273	5	1.29464E-7	0.000068
274	5	1.29464E-7	0.000068
275	3	7.76787E-8	0.000068
276	4	1.03572E-7	0.000068
277	7	1.8125E-7	0.000068
278	3	7.76787E-8	0.000068
279	4	1.03572E-7	0.000068
280	3	7.76787E-8	0.000067
281	4	1.03572E-7	0.000067
282	3	7.76787E-8	0.000067
283	4	1.03572E-7	0.000067
284	3	7.76787E-8	0.000067
285	6	1.55357E-7	0.000067
286	4	1.03572E-7	0.000067
287	7	1.8125E-7	0.000067
288	1	2.58929E-8	0.000067
289	5	1.29464E-7	0.000067
290	1	2.58929E-8	0.000066
291	5	1.29464E-7	0.000066
292	7	1.8125E-7	0.000066
293	5	1.29464E-7	0.000066
294	2	5.17858E-8	0.000066
295	2	5.17858E-8	0.000066
296	5	1.29464E-7	0.000066
297	3	7.76787E-8	0.000066
298	3	7.76787E-8	0.000066
299	4	1.03572E-7	0.000066
300	5	1.29464E-7	0.000065
301	8	2.07143E-7	0.000065
302	4	1.03572E-7	0.000065
303	4	1.03572E-7	0.000065
304	3	7.76787E-8	0.000065
305	5	1.29464E-7	0.000065
306	4	1.03572E-7	0.000065
307	3	7.76787E-8	0.000065
308	3	7.76787E-8	0.000065
309	2	5.17858E-8	0.000064
310	3	7.76787E-8	0.000064
311	7	1.8125E-7	0.000064
312	7	1.8125E-7	0.000064
313	5	1.29464E-7	0.000064
314	5	1.29464E-7	0.000064
315	3	7.76787E-8	0.000064
316	7	1.8125E-7	0.000064
317	2	5.17858E-8	0.000063
318	6	1.55357E-7	0.000063
319	7	1.8125E-7	0.000063
320	3	7.76787E-8	0.000063
321	4	1.03572E-7	0.000063
322	3	7.76787E-8	0.000063
323	2	5.17858E-8	0.000063
324	5	1.29464E-7	0.000063
325	4	1.03572E-7	0.000063
326	3	7.76787E-8	0.000063
327	5	1.29464E-7	0.000062
328	2	5.17858E-8	0.000062
329	7	1.8125E-7	0.000062
330	2	5.17858E-8	0.000062
331	2	5.17858E-8	0.000062
332	5	1.29464E-7	0.000062
333	2	5.17858E-8	0.000062
334	6	1.55357E-7	0.000062
335	2	5.17858E-8	0.000062
336	4	1.03572E-7	0.000062
337	2	5.17858E-8	0.000061
338	5	1.29464E-7	0.000061
339	4	1.03572E-7	0.000061
340	7	1.8125E-7	0.000061
341	5	1.29464E-7	0.000061
342	1	2.58929E-8	0.000061
343	2	5.17858E-8	0.000061
344	1	2.58929E-8	0.000061
345	3	7.76787E-8	0.000061
346	4	1.03572E-7	0.000061
347	6	1.55357E-7	0.000061
348	1	2.58929E-8	0.00006
349	2	5.17858E-8	0.00006
350	3	7.76787E-8	0.00006
351	2	5.17858E-8	0.00006
352	4	1.03572E-7	0.00006
353	3	7.76787E-8	0.00006
354	5	1.29464E-7	0.00006
355	1	2.58929E-8	0.00006
356	2	5.17858E-8	0.00006
357	5	1.29464E-7	0.00006
358	3	7.76787E-8	0.00006
359	5	1.29464E-7	0.00006
360	3	7.76787E-8	0.00006
361	4	1.03572E-7	0.000059
362	3	7.76787E-8	0.000059
363	3	7.76787E-8	0.000059
364	4	1.03572E-7	0.000059
365	6	1.55357E-7	0.000059
366	4	1.03572E-7	0.000059
367	2	5.17858E-8	0.000059
368	4	1.03572E-7	0.000059
369	2	5.17858E-8	0.000059
370	4	1.03572E-7	0.000059
371	5	1.29464E-7	0.000058
372	2	5.17858E-8	0.000058
374	1	2.58929E-8	0.000058
375	2	5.17858E-8	0.000058
376	6	1.55357E-7	0.000058
377	5	1.29464E-7	0.000058
378	3	7.76787E-8	0.000058
379	2	5.17858E-8	0.000058
380	3	7.76787E-8	0.000058
381	2	5.17858E-8	0.000058
384	3	7.76787E-8	0.000058
385	3	7.76787E-8	0.000058
386	6	1.55357E-7	0.000058
387	4	1.03572E-7	0.000057
388	2	5.17858E-8	0.000057
389	5	1.29464E-7	0.000057
390	2	5.17858E-8	0.000057
391	2	5.17858E-8	0.000057
392	4	1.03572E-7	0.000057
393	4	1.03572E-7	0.000057
394	1	2.58929E-8	0.000057
395	4	1.03572E-7	0.000057
396	3	7.76787E-8	0.000057
397	2	5.17858E-8	0.000057
398	5	1.29464E-7	0.000057
399	4	1.03572E-7	0.000056
400	2	5.17858E-8	0.000056
401	3	7.76787E-8	0.000056
402	3	7.76787E-8	0.000056
404	2	5.17858E-8	0.000056
405	3	7.76787E-8	0.000056
406	7	1.8125E-7	0.000056
407	3	7.76787E-8	0.000056
409	2	5.17858E-8	0.000056
410	3	7.76787E-8	0.000056
411	3	7.76787E-8	0.000056
412	1	2.58929E-8	0.000055
413	3	7.76787E-8	0.000055
414	2	5.17858E-8	0.000055
415	2	5.17858E-8	0.000055
416	3	7.76787E-8	0.000055
417	2	5.17858E-8	0.000055
418	5	1.29464E-7	0.000055
419	3	7.76787E-8	0.000055
420	4	1.03572E-7	0.000055
422	1	2.58929E-8	0.000055
423	4	1.03572E-7	0.000055
425	6	1.55357E-7	0.000055
426	2	5.17858E-8	0.000055
427	2	5.17858E-8	0.000055
428	2	5.17858E-8	0.000054
429	2	5.17858E-8	0.000054
430	1	2.58929E-8	0.000054
431	1	2.58929E-8	0.000054
432	3	7.76787E-8	0.000054
433	2	5.17858E-8	0.000054
434	5	1.29464E-7	0.000054
435	2	5.17858E-8	0.000054
436	1	2.58929E-8	0.000054
437	1	2.58929E-8	0.000054
438	2	5.17858E-8	0.000054
439	2	5.17858E-8	0.000054
440	2	5.17858E-8	0.000054
441	1	2.58929E-8	0.000054
442	3	7.76787E-8	0.000054
443	4	1.03572E-7	0.000054
444	3	7.76787E-8	0.000054
445	2	5.17858E-8	0.000053
446	2	5.17858E-8	0.000053
447	2	5.17858E-8	0.000053
448	2	5.17858E-8	0.000053
449	1	2.58929E-8	0.000053
450	2	5.17858E-8	0.000053
452	6	1.55357E-7	0.000053
453	1	2.58929E-8	0.000053
454	4	1.03572E-7	0.000053
455	4	1.03572E-7	0.000053
456	1	2.58929E-8	0.000053
457	3	7.76787E-8	0.000053
458	1	2.58929E-8	0.000053
459	4	1.03572E-7	0.000053
460	3	7.76787E-8	0.000053
461	3	7.76787E-8	0.000053
462	1	2.58929E-8	0.000052
463	1	2.58929E-8	0.000052
466	3	7.76787E-8	0.000052
467	2	5.17858E-8	0.000052
468	2	5.17858E-8	0.000052
469	5	1.29464E-7	0.000052
470	2	5.17858E-8	0.000052
471	2	5.17858E-8	0.000052
472	1	2.58929E-8	0.000052
474	4	1.03572E-7	0.000052
475	2	5.17858E-8	0.000052
476	5	1.29464E-7	0.000052
477	2	5.17858E-8	0.000052
478	1	2.58929E-8	0.000052
479	1	2.58929E-8	0.000052
481	1	2.58929E-8	0.000052
482	2	5.17858E-8	0.000052
483	5	1.29464E-7	0.000051
485	3	7.76787E-8	0.000051
486	1	2.58929E-8	0.000051
487	3	7.76787E-8	0.000051
488	1	2.58929E-8	0.000051
489	3	7.76787E-8	0.000051
490	5	1.29464E-7	0.000051
491	1	2.58929E-8	0.000051
492	3	7.76787E-8	0.000051
493	1	2.58929E-8	0.000051
495	4	1.03572E-7	0.000051
496	3	7.76787E-8	0.000051
497	3	7.76787E-8	0.000051
498	1	2.58929E-8	0.000051
499	1	2.58929E-8	0.000051
500	1	2.58929E-8	0.00005
501	2	5.17858E-8	0.00005
502	2	5.17858E-8	0.00005
503	4	1.03572E-7	0.00005
504	5	1.29464E-7	0.00005
505	1	2.58929E-8	0.00005
506	3	7.76787E-8	0.00005
508	1	2.58929E-8	0.00005
509	2	5.17858E-8	0.00005
510	2	5.17858E-8	0.00005
511	1	2.58929E-8	0.00005
512	3	7.76787E-8	0.00005
513	2	5.17858E-8	0.00005
514	5	1.29464E-7	0.00005
515	1	2.58929E-8	0.00005
516	2	5.17858E-8	0.00005
517	2	5.17858E-8	0.00005
518	1	2.58929E-8	0.000049
519	4	1.03572E-7	0.000049
520	4	1.03572E-7	0.000049
521	1	2.58929E-8	0.000049
522	5	1.29464E-7	0.000049
524	3	7.76787E-8	0.000049
525	2	5.17858E-8	0.000049
526	2	5.17858E-8	0.000049
527	2	5.17858E-8	0.000049
528	3	7.76787E-8	0.000049
530	4	1.03572E-7	0.000049
531	5	1.29464E-7	0.000049
533	1	2.58929E-8	0.000049
534	2	5.17858E-8	0.000049
535	1	2.58929E-8	0.000048
536	1	2.58929E-8	0.000048
537	2	5.17858E-8	0.000048
539	1	2.58929E-8	0.000048
541	2	5.17858E-8	0.000048
543	2	5.17858E-8	0.000048
545	3	7.76787E-8	0.000048
546	1	2.58929E-8	0.000048
547	2	5.17858E-8	0.000048
548	4	1.03572E-7	0.000048
551	2	5.17858E-8	0.000048
552	3	7.76787E-8	0.000048
553	1	2.58929E-8	0.000048
554	1	2.58929E-8	0.000048
555	5	1.29464E-7	0.000048
556	1	2.58929E-8	0.000048
557	3	7.76787E-8	0.000048
559	1	2.58929E-8	0.000048
560	1	2.58929E-8	0.000048
561	3	7.76787E-8	0.000048
562	3	7.76787E-8	0.000047
563	1	2.58929E-8	0.000047
564	1	2.58929E-8	0.000047
566	1	2.58929E-8	0.000047
568	2	5.17858E-8	0.000047
569	3	7.76787E-8	0.000047
570	1	2.58929E-8	0.000047
572	2	5.17858E-8	0.000047
573	2	5.17858E-8	0.000047
574	1	2.58929E-8	0.000047
575	2	5.17858E-8	0.000047
576	3	7.76787E-8	0.000047
577	3	7.76787E-8	0.000047
580	2	5.17858E-8	0.000047
581	2	5.17858E-8	0.000047
582	2	5.17858E-8	0.000047
583	4	1.03572E-7	0.000047
586	1	2.58929E-8	0.000047
588	3	7.76787E-8	0.000047
589	1	2.58929E-8	0.000046
590	3	7.76787E-8	0.000046
591	2	5.17858E-8	0.000046
592	3	7.76787E-8	0.000046
593	3	7.76787E-8	0.000046
594	2	5.17858E-8	0.000046
595	1	2.58929E-8	0.000046
597	4	1.03572E-7	0.000046
598	3	7.76787E-8	0.000046
599	4	1.03572E-7	0.000046
600	1	2.58929E-8	0.000046
602	1	2.58929E-8	0.000046
603	2	5.17858E-8	0.000046
604	4	1.03572E-7	0.000046
605	4	1.03572E-7	0.000046
606	1	2.58929E-8	0.000045
607	1	2.58929E-8	0.000045
608	2	5.17858E-8	0.000045
610	1	2.58929E-8	0.000045
611	2	5.17858E-8	0.000045
612	2	5.17858E-8	0.000045
613	1	2.58929E-8	0.000045
614	2	5.17858E-8	0.000045
615	1	2.58929E-8	0.000045
616	2	5.17858E-8	0.000045
617	1	2.58929E-8	0.000045
618	1	2.58929E-8	0.000045
621	1	2.58929E-8	0.000045
622	3	7.76787E-8	0.000045
624	2	5.17858E-8	0.000045
625	2	5.17858E-8	0.000045
627	1	2.58929E-8	0.000045
628	2	5.17858E-8	0.000045
630	1	2.58929E-8	0.000045
631	1	2.58929E-8	0.000045
634	2	5.17858E-8	0.000045
635	1	2.58929E-8	0.000045
636	1	2.58929E-8	0.000045
638	2	5.17858E-8	0.000045
639	2	5.17858E-8	0.000045
640	1	2.58929E-8	0.000044
641	1	2.58929E-8	0.000044
642	2	5.17858E-8	0.000044
643	2	5.17858E-8	0.000044
644	1	2.58929E-8	0.000044
645	4	1.03572E-7	0.000044
646	1	2.58929E-8	0.000044
647	1	2.58929E-8	0.000044
648	1	2.58929E-8	0.000044
649	2	5.17858E-8	0.000044
650	2	5.17858E-8	0.000044
652	2	5.17858E-8	0.000044
653	2	5.17858E-8	0.000044
654	2	5.17858E-8	0.000044
655	3	7.76787E-8	0.000044
656	3	7.76787E-8	0.000044
657	1	2.58929E-8	0.000044
659	1	2.58929E-8	0.000044
660	3	7.76787E-8	0.000044
661	1	2.58929E-8	0.000044
665	1	2.58929E-8	0.000044
667	1	2.58929E-8	0.000044
668	2	5.17858E-8	0.000043
670	2	5.17858E-8	0.000043
671	5	1.29464E-7	0.000043
672	1	2.58929E-8	0.000043
673	1	2.58929E-8	0.000043
674	1	2.58929E-8	0.000043
676	1	2.58929E-8	0.000043
678	2	5.17858E-8	0.000043
679	1	2.58929E-8	0.000043
680	2	5.17858E-8	0.000043
681	3	7.76787E-8	0.000043
683	1	2.58929E-8	0.000043
685	3	7.76787E-8	0.000043
687	1	2.58929E-8	0.000043
688	1	2.58929E-8	0.000043
689	1	2.58929E-8	0.000043
690	2	5.17858E-8	0.000043
692	1	2.58929E-8	0.000043
693	1	2.58929E-8	0.000043
694	1	2.58929E-8	0.000043
696	3	7.76787E-8	0.000043
697	2	5.17858E-8	0.000043
698	1	2.58929E-8	0.000042
699	2	5.17858E-8	0.000042
700	1	2.58929E-8	0.000042
701	3	7.76787E-8	0.000042
702	2	5.17858E-8	0.000042
703	2	5.17858E-8	0.000042
705	1	2.58929E-8	0.000042
707	1	2.58929E-8	0.000042
708	1	2.58929E-8	0.000042
709	3	7.76787E-8	0.000042
710	2	5.17858E-8	0.000042
711	2	5.17858E-8	0.000042
712	2	5.17858E-8	0.000042
713	1	2.58929E-8	0.000042
714	1	2.58929E-8	0.000042
715	1	2.58929E-8	0.000042
716	1	2.58929E-8	0.000042
717	1	2.58929E-8	0.000042
718	2	5.17858E-8	0.000042
719	1	2.58929E-8	0.000042
720	3	7.76787E-8	0.000042
721	3	7.76787E-8	0.000042
722	1	2.58929E-8	0.000042
724	2	5.17858E-8	0.000042
725	1	2.58929E-8	0.000041
726	2	5.17858E-8	0.000041
727	1	2.58929E-8	0.000041
731	3	7.76787E-8	0.000041
732	3	7.76787E-8	0.000041
734	1	2.58929E-8	0.000041
735	2	5.17858E-8	0.000041
736	3	7.76787E-8	0.000041
737	3	7.76787E-8	0.000041
739	1	2.58929E-8	0.000041
740	2	5.17858E-8	0.000041
741	1	2.58929E-8	0.000041
743	1	2.58929E-8	0.000041
748	5	1.29464E-7	0.000041
749	1	2.58929E-8	0.000041
750	1	2.58929E-8	0.000041
754	2	5.17858E-8	0.000041
755	1	2.58929E-8	0.000041
758	2	5.17858E-8	0.000041
759	1	2.58929E-8	0.000041
760	1	2.58929E-8	0.00004
761	1	2.58929E-8	0.00004
764	1	2.58929E-8	0.00004
765	2	5.17858E-8	0.00004
766	3	7.76787E-8	0.00004
768	1	2.58929E-8	0.00004
769	1	2.58929E-8	0.00004
771	1	2.58929E-8	0.00004
772	2	5.17858E-8	0.00004
773	2	5.17858E-8	0.00004
775	1	2.58929E-8	0.00004
776	3	7.76787E-8	0.00004
777	2	5.17858E-8	0.00004
779	1	2.58929E-8	0.00004
780	2	5.17858E-8	0.00004
781	2	5.17858E-8	0.00004
782	5	1.29464E-7	0.00004
784	4	1.03572E-7	0.00004
785	1	2.58929E-8	0.00004
791	1	2.58929E-8	0.00004
792	1	2.58929E-8	0.00004
793	2	5.17858E-8	0.00004
794	1	2.58929E-8	0.000039
795	4	1.03572E-7	0.000039
796	2	5.17858E-8	0.000039
797	1	2.58929E-8	0.000039
798	2	5.17858E-8	0.000039
800	1	2.58929E-8	0.000039
801	1	2.58929E-8	0.000039
802	1	2.58929E-8	0.000039
803	3	7.76787E-8	0.000039
804	2	5.17858E-8	0.000039
805	1	2.58929E-8	0.000039
806	3	7.76787E-8	0.000039
807	1	2.58929E-8	0.000039
810	3	7.76787E-8	0.000039
811	2	5.17858E-8	0.000039
812	1	2.58929E-8	0.000039
813	1	2.58929E-8	0.000039
814	3	7.76787E-8	0.000039
815	1	2.58929E-8	0.000039
816	1	2.58929E-8	0.000039
818	1	2.58929E-8	0.000039
821	2	5.17858E-8	0.000039
822	3	7.76787E-8	0.000038
823	1	2.58929E-8	0.000038
824	1	2.58929E-8	0.000038
825	1	2.58929E-8	0.000038
826	1	2.58929E-8	0.000038
830	1	2.58929E-8	0.000038
831	2	5.17858E-8	0.000038
832	1	2.58929E-8	0.000038
833	3	7.76787E-8	0.000038
835	1	2.58929E-8	0.000038
837	1	2.58929E-8	0.000038
838	1	2.58929E-8	0.000038
839	1	2.58929E-8	0.000038
840	2	5.17858E-8	0.000038
842	2	5.17858E-8	0.000038
843	1	2.58929E-8	0.000038
845	2	5.17858E-8	0.000038
847	4	1.03572E-7	0.000038
848	1	2.58929E-8	0.000038
850	1	2.58929E-8	0.000038
851	2	5.17858E-8	0.000038
852	3	7.76787E-8	0.000038
853	1	2.58929E-8	0.000038
854	1	2.58929E-8	0.000038
855	1	2.58929E-8	0.000037
856	1	2.58929E-8	0.000037
857	2	5.17858E-8	0.000037
858	2	5.17858E-8	0.000037
859	1	2.58929E-8	0.000037
861	1	2.58929E-8	0.000037
863	1	2.58929E-8	0.000037
864	1	2.58929E-8	0.000037
865	1	2.58929E-8	0.000037
866	1	2.58929E-8	0.000037
867	1	2.58929E-8	0.000037
869	1	2.58929E-8	0.000037
870	3	7.76787E-8	0.000037
871	2	5.17858E-8	0.000037
872	1	2.58929E-8	0.000037
873	1	2.58929E-8	0.000037
874	1	2.58929E-8	0.000037
876	1	2.58929E-8	0.000037
879	2	5.17858E-8	0.000037
880	1	2.58929E-8	0.000037
882	2	5.17858E-8	0.000037
885	1	2.58929E-8	0.000037
886	2	5.17858E-8	0.000037
889	1	2.58929E-8	0.000037
890	1	2.58929E-8	0.000037
891	1	2.58929E-8	0.000037
893	2	5.17858E-8	0.000037
895	3	7.76787E-8	0.000037
897	1	2.58929E-8	0.000036
898	1	2.58929E-8	0.000036
899	2	5.17858E-8	0.000036
901	1	2.58929E-8	0.000036
906	2	5.17858E-8	0.000036
909	2	5.17858E-8	0.000036
910	2	5.17858E-8	0.000036
911	1	2.58929E-8	0.000036
912	2	5.17858E-8	0.000036
913	3	7.76787E-8	0.000036
915	1	2.58929E-8	0.000036
918	2	5.17858E-8	0.000036
919	1	2.58929E-8	0.000036
921	2	5.17858E-8	0.000036
922	1	2.58929E-8	0.000036
924	1	2.58929E-8	0.000036
926	2	5.17858E-8	0.000036
928	1	2.58929E-8	0.000036
929	3	7.76787E-8	0.000036
930	2	5.17858E-8	0.000036
931	1	2.58929E-8	0.000036
936	2	5.17858E-8	0.000036
937	1	2.58929E-8	0.000036
939	1	2.58929E-8	0.000036
940	3	7.76787E-8	0.000035
943	2	5.17858E-8	0.000035
946	1	2.58929E-8	0.000035
947	1	2.58929E-8	0.000035
948	1	2.58929E-8	0.000035
949	2	5.17858E-8	0.000035
950	2	5.17858E-8	0.000035
952	1	2.58929E-8	0.000035
953	2	5.17858E-8	0.000035
954	1	2.58929E-8	0.000035
955	3	7.76787E-8	0.000035
956	1	2.58929E-8	0.000035
957	1	2.58929E-8	0.000035
960	3	7.76787E-8	0.000035
963	1	2.58929E-8	0.000035
964	1	2.58929E-8	0.000035
965	2	5.17858E-8	0.000035
966	1	2.58929E-8	0.000035
968	2	5.17858E-8	0.000035
970	1	2.58929E-8	0.000035
971	2	5.17858E-8	0.000035
973	3	7.76787E-8	0.000035
974	2	5.17858E-8	0.000035
977	2	5.17858E-8	0.000034
978	2	5.17858E-8	0.000034
979	1	2.58929E-8	0.000034
981	1	2.58929E-8	0.000034
982	1	2.58929E-8	0.000034
985	2	5.17858E-8	0.000034
988	1	2.58929E-8	0.000034
990	1	2.58929E-8	0.000034
992	2	5.17858E-8	0.000034
993	2	5.17858E-8	0.000034
994	2	5.17858E-8	0.000034
995	2	5.17858E-8	0.000034
996	2	5.17858E-8	0.000034
997	3	7.76787E-8	0.000034
998	2	5.17858E-8	0.000034
999	2	5.17858E-8	0.000034
1000	1	2.58929E-8	0.000034
1003	3	7.76787E-8	0.000034
1004	1	2.58929E-8	0.000034
1008	1	2.58929E-8	0.000034
1009	2	5.17858E-8	0.000034
1014	1	2.58929E-8	0.000034
1015	2	5.17858E-8	0.000034
1016	2	5.17858E-8	0.000033
1017	4	1.03572E-7	0.000033
1018	2	5.17858E-8	0.000033
1019	2	5.17858E-8	0.000033
1020	1	2.58929E-8	0.000033
1021	1	2.58929E-8	0.000033
1022	1	2.58929E-8	0.000033
1023	2	5.17858E-8	0.000033
1024	1	2.58929E-8	0.000033
1025	1	2.58929E-8	0.000033
1026	1	2.58929E-8	0.000033
1027	1	2.58929E-8	0.000033
1028	2	5.17858E-8	0.000033
1029	2	5.17858E-8	0.000033
1030	2	5.17858E-8	0.000033
1035	1	2.58929E-8	0.000033
1036	2	5.17858E-8	0.000033
1038	1	2.58929E-8	0.000033
1039	1	2.58929E-8	0.000033
1042	1	2.58929E-8	0.000033
1044	6	1.55357E-7	0.000033
1045	1	2.58929E-8	0.000033
1047	1	2.58929E-8	0.000032
1048	1	2.58929E-8	0.000032
1049	2	5.17858E-8	0.000032
1053	2	5.17858E-8	0.000032
1054	2	5.17858E-8	0.000032
1057	1	2.58929E-8	0.000032
1062	1	2.58929E-8	0.000032
1064	2	5.17858E-8	0.000032
1069	3	7.76787E-8	0.000032
1070	2	5.17858E-8	0.000032
1073	1	2.58929E-8	0.000032
1074	1	2.58929E-8	0.000032
1077	1	2.58929E-8	0.000032
1078	2	5.17858E-8	0.000032
1084	1	2.58929E-8	0.000032
1085	2	5.17858E-8	0.000032
1086	1	2.58929E-8	0.000032
1087	1	2.58929E-8	0.000032
1088	2	5.17858E-8	0.000032
1089	1	2.58929E-8	0.000032
1090	1	2.58929E-8	0.000032
1092	1	2.58929E-8	0.000032
1095	2	5.17858E-8	0.000032
1099	1	2.58929E-8	0.000032
1100	1	2.58929E-8	0.000032
1102	2	5.17858E-8	0.000032
1103	1	2.58929E-8	0.000032
1105	1	2.58929E-8	0.000031
1109	1	2.58929E-8	0.000031
1110	1	2.58929E-8	0.000031
1111	1	2.58929E-8	0.000031
1112	1	2.58929E-8	0.000031
1113	2	5.17858E-8	0.000031
1114	1	2.58929E-8	0.000031
1115	1	2.58929E-8	0.000031
1116	2	5.17858E-8	0.000031
1121	1	2.58929E-8	0.000031
1124	1	2.58929E-8	0.000031
1125	2	5.17858E-8	0.000031
1129	1	2.58929E-8	0.000031
1133	2	5.17858E-8	0.000031
1135	3	7.76787E-8	0.000031
1137	1	2.58929E-8	0.000031
1138	1	2.58929E-8	0.000031
1140	1	2.58929E-8	0.000031
1142	1	2.58929E-8	0.000031
1143	1	2.58929E-8	0.000031
1144	3	7.76787E-8	0.000031
1145	1	2.58929E-8	0.000031
1149	1	2.58929E-8	0.000031
1150	1	2.58929E-8	0.000031
1153	3	7.76787E-8	0.000031
1154	1	2.58929E-8	0.000031
1156	1	2.58929E-8	0.000031
1157	1	2.58929E-8	0.000031
1159	1	2.58929E-8	0.000031
1160	1	2.58929E-8	0.00003
1161	1	2.58929E-8	0.00003
1164	2	5.17858E-8	0.00003
1165	1	2.58929E-8	0.00003
1169	1	2.58929E-8	0.00003
1171	3	7.76787E-8	0.00003
1172	1	2.58929E-8	0.00003
1173	1	2.58929E-8	0.00003
1176	1	2.58929E-8	0.00003
1177	1	2.58929E-8	0.00003
1178	1	2.58929E-8	0.00003
1179	2	5.17858E-8	0.00003
1183	1	2.58929E-8	0.00003
1184	1	2.58929E-8	0.00003
1188	1	2.58929E-8	0.00003
1189	3	7.76787E-8	0.00003
1191	1	2.58929E-8	0.00003
1194	1	2.58929E-8	0.00003
1196	1	2.58929E-8	0.00003
1200	3	7.76787E-8	0.00003
1202	2	5.17858E-8	0.00003
1203	1	2.58929E-8	0.00003
1204	2	5.17858E-8	0.00003
1205	2	5.17858E-8	0.00003
1209	2	5.17858E-8	0.00003
1213	2	5.17858E-8	0.00003
1214	1	2.58929E-8	0.000029
1220	1	2.58929E-8	0.000029
1221	3	7.76787E-8	0.000029
1222	1	2.58929E-8	0.000029
1226	1	2.58929E-8	0.000029
1232	1	2.58929E-8	0.000029
1233	1	2.58929E-8	0.000029
1237	2	5.17858E-8	0.000029
1238	1	2.58929E-8	0.000029
1239	1	2.58929E-8	0.000029
1242	1	2.58929E-8	0.000029
1248	1	2.58929E-8	0.000029
1250	1	2.58929E-8	0.000029
1251	2	5.17858E-8	0.000029
1254	2	5.17858E-8	0.000029
1256	1	2.58929E-8	0.000029
1258	1	2.58929E-8	0.000029
1259	1	2.58929E-8	0.000029
1262	3	7.76787E-8	0.000029
1265	1	2.58929E-8	0.000029
1266	2	5.17858E-8	0.000029
1267	1	2.58929E-8	0.000029
1270	1	2.58929E-8	0.000029
1271	1	2.58929E-8	0.000029
1276	1	2.58929E-8	0.000029
1277	1	2.58929E-8	0.000029
1281	3	7.76787E-8	0.000029
1284	1	2.58929E-8	0.000029
1287	1	2.58929E-8	0.000028
1295	1	2.58929E-8	0.000028
1297	1	2.58929E-8	0.000028
1299	1	2.58929E-8	0.000028
1302	1	2.58929E-8	0.000028
1303	2	5.17858E-8	0.000028
1306	1	2.58929E-8	0.000028
1307	1	2.58929E-8	0.000028
1310	1	2.58929E-8	0.000028
1315	1	2.58929E-8	0.000028
1317	1	2.58929E-8	0.000028
1319	3	7.76787E-8	0.000028
1320	1	2.58929E-8	0.000028
1321	1	2.58929E-8	0.000028
1322	1	2.58929E-8	0.000028
1323	1	2.58929E-8	0.000028
1324	1	2.58929E-8	0.000028
1328	1	2.58929E-8	0.000028
1330	2	5.17858E-8	0.000028
1332	1	2.58929E-8	0.000028
1333	1	2.58929E-8	0.000028
1334	1	2.58929E-8	0.000028
1335	1	2.58929E-8	0.000028
1336	1	2.58929E-8	0.000028
1338	2	5.17858E-8	0.000028
1339	1	2.58929E-8	0.000028
1340	1	2.58929E-8	0.000028
1342	1	2.58929E-8	0.000028
1346	4	1.03572E-7	0.000028
1347	2	5.17858E-8	0.000028
1349	2	5.17858E-8	0.000027
1351	1	2.58929E-8	0.000027
1353	1	2.58929E-8	0.000027
1354	2	5.17858E-8	0.000027
1356	2	5.17858E-8	0.000027
1357	2	5.17858E-8	0.000027
1359	1	2.58929E-8	0.000027
1361	1	2.58929E-8	0.000027
1362	1	2.58929E-8	0.000027
1363	1	2.58929E-8	0.000027
1364	2	5.17858E-8	0.000027
1365	1	2.58929E-8	0.000027
1369	1	2.58929E-8	0.000027
1371	1	2.58929E-8	0.000027
1372	1	2.58929E-8	0.000027
1378	1	2.58929E-8	0.000027
1379	2	5.17858E-8	0.000027
1381	1	2.58929E-8	0.000027
1382	2	5.17858E-8	0.000027
1383	2	5.17858E-8	0.000027
1386	1	2.58929E-8	0.000027
1387	1	2.58929E-8	0.000027
1390	1	2.58929E-8	0.000027
1392	1	2.58929E-8	0.000027
1393	1	2.58929E-8	0.000027
1394	2	5.17858E-8	0.000027
1395	1	2.58929E-8	0.000027
1398	1	2.58929E-8	0.000027
1399	1	2.58929E-8	0.000027
1400	1	2.58929E-8	0.000026
1403	1	2.58929E-8	0.000026
1405	2	5.17858E-8	0.000026
1408	1	2.58929E-8	0.000026
1409	1	2.58929E-8	0.000026
1412	1	2.58929E-8	0.000026
1416	1	2.58929E-8	0.000026
1423	1	2.58929E-8	0.000026
1426	1	2.58929E-8	0.000026
1427	1	2.58929E-8	0.000026
1429	1	2.58929E-8	0.000026
1432	1	2.58929E-8	0.000026
1433	1	2.58929E-8	0.000026
1435	1	2.58929E-8	0.000026
1437	1	2.58929E-8	0.000026
1438	1	2.58929E-8	0.000026
1445	1	2.58929E-8	0.000026
1446	2	5.17858E-8	0.000026
1451	1	2.58929E-8	0.000026
1453	1	2.58929E-8	0.000026
1454	1	2.58929E-8	0.000026
1459	1	2.58929E-8	0.000026
1461	1	2.58929E-8	0.000026
1464	1	2.58929E-8	0.000026
1465	2	5.17858E-8	0.000026
1469	1	2.58929E-8	0.000026
1470	1	2.58929E-8	0.000026
1474	1	2.58929E-8	0.000026
1475	1	2.58929E-8	0.000026
1477	1	2.58929E-8	0.000026
1479	3	7.76787E-8	0.000026
1482	1	2.58929E-8	0.000026
1485	1	2.58929E-8	0.000026
1487	1	2.58929E-8	0.000026
1488	1	2.58929E-8	0.000025
1494	1	2.58929E-8	0.000025
1496	1	2.58929E-8	0.000025
1497	1	2.58929E-8	0.000025
1500	1	2.58929E-8	0.000025
1504	1	2.58929E-8	0.000025
1505	1	2.58929E-8	0.000025
1506	1	2.58929E-8	0.000025
1511	1	2.58929E-8	0.000025
1512	1	2.58929E-8	0.000025
1514	1	2.58929E-8	0.000025
1516	1	2.58929E-8	0.000025
1518	1	2.58929E-8	0.000025
1521	1	2.58929E-8	0.000025
1522	1	2.58929E-8	0.000025
1523	1	2.58929E-8	0.000025
1525	2	5.17858E-8	0.000025
1526	2	5.17858E-8	0.000025
1527	1	2.58929E-8	0.000025
1531	1	2.58929E-8	0.000025
1533	2	5.17858E-8	0.000025
1534	1	2.58929E-8	0.000025
1535	1	2.58929E-8	0.000025
1537	1	2.58929E-8	0.000025
1540	1	2.58929E-8	0.000025
1541	1	2.58929E-8	0.000025
1542	1	2.58929E-8	0.000025
1545	1	2.58929E-8	0.000025
1546	1	2.58929E-8	0.000025
1547	1	2.58929E-8	0.000025
1549	1	2.58929E-8	0.000025
1556	1	2.58929E-8	0.000025
1561	2	5.17858E-8	0.000025
1563	1	2.58929E-8	0.000025
1565	2	5.17858E-8	0.000024
1566	1	2.58929E-8	0.000024
1569	1	2.58929E-8	0.000024
1575	1	2.58929E-8	0.000024
1582	1	2.58929E-8	0.000024
1584	1	2.58929E-8	0.000024
1585	2	5.17858E-8	0.000024
1589	1	2.58929E-8	0.000024
1590	1	2.58929E-8	0.000024
1592	1	2.58929E-8	0.000024
1595	1	2.58929E-8	0.000024
1596	3	7.76787E-8	0.000024
1601	1	2.58929E-8	0.000024
1605	1	2.58929E-8	0.000024
1607	1	2.58929E-8	0.000024
1611	1	2.58929E-8	0.000024
1614	2	5.17858E-8	0.000024
1619	1	2.58929E-8	0.000024
1621	1	2.58929E-8	0.000024
1622	1	2.58929E-8	0.000024
1623	1	2.58929E-8	0.000024
1627	1	2.58929E-8	0.000024
1628	1	2.58929E-8	0.000024
1632	1	2.58929E-8	0.000024
1633	1	2.58929E-8	0.000024
1637	1	2.58929E-8	0.000024
1640	1	2.58929E-8	0.000024
1641	1	2.58929E-8	0.000024
1643	1	2.58929E-8	0.000024
1644	1	2.58929E-8	0.000024
1646	2	5.17858E-8	0.000024
1648	1	2.58929E-8	0.000024
1649	1	2.58929E-8	0.000024
1650	2	5.17858E-8	0.000023
1651	1	2.58929E-8	0.000023
1653	1	2.58929E-8	0.000023
1654	1	2.58929E-8	0.000023
1656	2	5.17858E-8	0.000023
1664	1	2.58929E-8	0.000023
1670	1	2.58929E-8	0.000023
1674	1	2.58929E-8	0.000023
1675	1	2.58929E-8	0.000023
1683	1	2.58929E-8	0.000023
1684	1	2.58929E-8	0.000023
1689	1	2.58929E-8	0.000023
1690	1	2.58929E-8	0.000023
1692	1	2.58929E-8	0.000023
1693	1	2.58929E-8	0.000023
1695	1	2.58929E-8	0.000023
1703	1	2.58929E-8	0.000023
1705	1	2.58929E-8	0.000023
1709	1	2.58929E-8	0.000023
1710	1	2.58929E-8	0.000023
1711	1	2.58929E-8	0.000023
1712	1	2.58929E-8	0.000023
1715	1	2.58929E-8	0.000023
1717	1	2.58929E-8	0.000023
1718	1	2.58929E-8	0.000023
1726	1	2.58929E-8	0.000023
1729	1	2.58929E-8	0.000023
1732	1	2.58929E-8	0.000023
1735	1	2.58929E-8	0.000023
1737	1	2.58929E-8	0.000023
1739	2	5.17858E-8	0.000023
1746	1	2.58929E-8	0.000023
1748	3	7.76787E-8	0.000023
1750	1	2.58929E-8	0.000023
1751	1	2.58929E-8	0.000022
1752	1	2.58929E-8	0.000022
1753	2	5.17858E-8	0.000022
1754	1	2.58929E-8	0.000022
1755	1	2.58929E-8	0.000022
1756	2	5.17858E-8	0.000022
1760	1	2.58929E-8	0.000022
1761	1	2.58929E-8	0.000022
1763	1	2.58929E-8	0.000022
1768	2	5.17858E-8	0.000022
1769	1	2.58929E-8	0.000022
1772	1	2.58929E-8	0.000022
1775	1	2.58929E-8	0.000022
1779	2	5.17858E-8	0.000022
1788	1	2.58929E-8	0.000022
1789	1	2.58929E-8	0.000022
1791	2	5.17858E-8	0.000022
1797	1	2.58929E-8	0.000022
1805	1	2.58929E-8	0.000022
1808	1	2.58929E-8	0.000022
1812	1	2.58929E-8	0.000022
1813	1	2.58929E-8	0.000022
1814	1	2.58929E-8	0.000022
1823	1	2.58929E-8	0.000022
1824	2	5.17858E-8	0.000022
1825	1	2.58929E-8	0.000022
1826	1	2.58929E-8	0.000022
1831	1	2.58929E-8	0.000022
1835	1	2.58929E-8	0.000022
1844	1	2.58929E-8	0.000022
1855	2	5.17858E-8	0.000022
1856	1	2.58929E-8	0.000021
1858	1	2.58929E-8	0.000021
1862	1	2.58929E-8	0.000021
1865	1	2.58929E-8	0.000021
1866	1	2.58929E-8	0.000021
1868	1	2.58929E-8	0.000021
1871	1	2.58929E-8	0.000021
1880	1	2.58929E-8	0.000021
1882	1	2.58929E-8	0.000021
1884	1	2.58929E-8	0.000021
1889	2	5.17858E-8	0.000021
1890	1	2.58929E-8	0.000021
1901	1	2.58929E-8	0.000021
1912	1	2.58929E-8	0.000021
1916	1	2.58929E-8	0.000021
1922	1	2.58929E-8	0.000021
1923	1	2.58929E-8	0.000021
1929	2	5.17858E-8	0.000021
1931	1	2.58929E-8	0.000021
1932	2	5.17858E-8	0.000021
1933	1	2.58929E-8	0.000021
1934	1	2.58929E-8	0.000021
1944	1	2.58929E-8	0.000021
1945	1	2.58929E-8	0.000021
1952	1	2.58929E-8	0.000021
1961	1	2.58929E-8	0.000021
1970	1	2.58929E-8	0.000021
1973	2	5.17858E-8	0.000021
1976	1	2.58929E-8	0.000021
1978	1	2.58929E-8	0.000021
1983	5	1.29464E-7	0.000021
1985	1	2.58929E-8	0.00002
1991	1	2.58929E-8	0.00002
1993	1	2.58929E-8	0.00002
1994	1	2.58929E-8	0.00002
1996	1	2.58929E-8	0.00002
1998	2	5.17858E-8	0.00002
2008	3	7.76787E-8	0.00002
2009	1	2.58929E-8	0.00002
2010	2	5.17858E-8	0.00002
2014	1	2.58929E-8	0.00002
2022	1	2.58929E-8	0.00002
2025	1	2.58929E-8	0.00002
2028	2	5.17858E-8	0.00002
2030	1	2.58929E-8	0.00002
2031	1	2.58929E-8	0.00002
2034	1	2.58929E-8	0.00002
2038	1	2.58929E-8	0.00002
2039	1	2.58929E-8	0.00002
2042	1	2.58929E-8	0.00002
2043	1	2.58929E-8	0.00002
2044	2	5.17858E-8	0.00002
2045	1	2.58929E-8	0.00002
2047	1	2.58929E-8	0.00002
2048	1	2.58929E-8	0.00002
2055	1	2.58929E-8	0.00002
2061	1	2.58929E-8	0.00002
2069	1	2.58929E-8	0.00002
2077	2	5.17858E-8	0.00002
2079	1	2.58929E-8	0.00002
2084	1	2.58929E-8	0.00002
2091	1	2.58929E-8	0.00002
2095	1	2.58929E-8	0.000019
2107	1	2.58929E-8	0.000019
2109	2	5.17858E-8	0.000019
2113	1	2.58929E-8	0.000019
2117	1	2.58929E-8	0.000019
2122	1	2.58929E-8	0.000019
2124	1	2.58929E-8	0.000019
2125	1	2.58929E-8	0.000019
2127	1	2.58929E-8	0.000019
2131	1	2.58929E-8	0.000019
2136	1	2.58929E-8	0.000019
2138	1	2.58929E-8	0.000019
2143	2	5.17858E-8	0.000019
2144	1	2.58929E-8	0.000019
2147	1	2.58929E-8	0.000019
2149	2	5.17858E-8	0.000019
2156	1	2.58929E-8	0.000019
2159	1	2.58929E-8	0.000019
2169	1	2.58929E-8	0.000019
2170	1	2.58929E-8	0.000019
2172	1	2.58929E-8	0.000019
2178	1	2.58929E-8	0.000019
2179	2	5.17858E-8	0.000019
2190	1	2.58929E-8	0.000019
2192	2	5.17858E-8	0.000019
2196	2	5.17858E-8	0.000019
2199	1	2.58929E-8	0.000019
2200	1	2.58929E-8	0.000019
2206	1	2.58929E-8	0.000019
2208	1	2.58929E-8	0.000019
2217	1	2.58929E-8	0.000019
2218	1	2.58929E-8	0.000019
2220	1	2.58929E-8	0.000019
2221	2	5.17858E-8	0.000018
2226	1	2.58929E-8	0.000018
2230	2	5.17858E-8	0.000018
2238	1	2.58929E-8	0.000018
2243	1	2.58929E-8	0.000018
2244	1	2.58929E-8	0.000018
2249	1	2.58929E-8	0.000018
2256	1	2.58929E-8	0.000018
2262	1	2.58929E-8	0.000018
2263	2	5.17858E-8	0.000018
2267	1	2.58929E-8	0.000018
2274	1	2.58929E-8	0.000018
2277	1	2.58929E-8	0.000018
2279	1	2.58929E-8	0.000018
2284	1	2.58929E-8	0.000018
2292	1	2.58929E-8	0.000018
2299	1	2.58929E-8	0.000018
2300	1	2.58929E-8	0.000018
2302	1	2.58929E-8	0.000018
2306	2	5.17858E-8	0.000018
2312	1	2.58929E-8	0.000018
2313	1	2.58929E-8	0.000018
2315	1	2.58929E-8	0.000018
2319	1	2.58929E-8	0.000018
2324	1	2.58929E-8	0.000018
2330	1	2.58929E-8	0.000018
2333	2	5.17858E-8	0.000018
2334	1	2.58929E-8	0.000018
2335	2	5.17858E-8	0.000018
2337	1	2.58929E-8	0.000018
2339	2	5.17858E-8	0.000018
2341	3	7.76787E-8	0.000018
2345	1	2.58929E-8	0.000017
2347	1	2.58929E-8	0.000017
2354	2	5.17858E-8	0.000017
2356	1	2.58929E-8	0.000017
2357	2	5.17858E-8	0.000017
2360	1	2.58929E-8	0.000017
2364	1	2.58929E-8	0.000017
2366	1	2.58929E-8	0.000017
2369	1	2.58929E-8	0.000017
2374	1	2.58929E-8	0.000017
2377	1	2.58929E-8	0.000017
2383	2	5.17858E-8	0.000017
2384	1	2.58929E-8	0.000017
2388	1	2.58929E-8	0.000017
2389	2	5.17858E-8	0.000017
2390	1	2.58929E-8	0.000017
2392	1	2.58929E-8	0.000017
2401	1	2.58929E-8	0.000017
2405	1	2.58929E-8	0.000017
2408	1	2.58929E-8	0.000017
2411	1	2.58929E-8	0.000017
2413	1	2.58929E-8	0.000017
2415	1	2.58929E-8	0.000017
2428	1	2.58929E-8	0.000017
2433	2	5.17858E-8	0.000017
2436	1	2.58929E-8	0.000017
2439	1	2.58929E-8	0.000017
2440	1	2.58929E-8	0.000017
2441	1	2.58929E-8	0.000017
2442	1	2.58929E-8	0.000017
2443	1	2.58929E-8	0.000017
2452	1	2.58929E-8	0.000016
2456	2	5.17858E-8	0.000016
2460	1	2.58929E-8	0.000016
2463	1	2.58929E-8	0.000016
2464	1	2.58929E-8	0.000016
2473	1	2.58929E-8	0.000016
2475	1	2.58929E-8	0.000016
2482	1	2.58929E-8	0.000016
2486	1	2.58929E-8	0.000016
2491	1	2.58929E-8	0.000016
2494	1	2.58929E-8	0.000016
2497	1	2.58929E-8	0.000016
2509	1	2.58929E-8	0.000016
2510	1	2.58929E-8	0.000016
2512	1	2.58929E-8	0.000016
2514	1	2.58929E-8	0.000016
2524	1	2.58929E-8	0.000016
2533	1	2.58929E-8	0.000016
2538	2	5.17858E-8	0.000016
2539	1	2.58929E-8	0.000016
2542	1	2.58929E-8	0.000016
2547	1	2.58929E-8	0.000016
2548	1	2.58929E-8	0.000016
2557	1	2.58929E-8	0.000016
2558	1	2.58929E-8	0.000016
2566	1	2.58929E-8	0.000016
2568	1	2.58929E-8	0.000016
2570	1	2.58929E-8	0.000016
2571	1	2.58929E-8	0.000016
2573	1	2.58929E-8	0.000016
2578	1	2.58929E-8	0.000016
2581	1	2.58929E-8	0.000016
2582	1	2.58929E-8	0.000016
2585	1	2.58929E-8	0.000016
2594	1	2.58929E-8	0.000016
2598	1	2.58929E-8	0.000016
2607	1	2.58929E-8	0.000016
2609	2	5.17858E-8	0.000015
2613	1	2.58929E-8	0.000015
2614	1	2.58929E-8	0.000015
2616	1	2.58929E-8	0.000015
2625	1	2.58929E-8	0.000015
2628	1	2.58929E-8	0.000015
2637	1	2.58929E-8	0.000015
2639	3	7.76787E-8	0.000015
2642	1	2.58929E-8	0.000015
2643	1	2.58929E-8	0.000015
2645	2	5.17858E-8	0.000015
2648	1	2.58929E-8	0.000015
2662	1	2.58929E-8	0.000015
2666	1	2.58929E-8	0.000015
2675	2	5.17858E-8	0.000015
2676	1	2.58929E-8	0.000015
2679	1	2.58929E-8	0.000015
2682	1	2.58929E-8	0.000015
2683	1	2.58929E-8	0.000015
2685	2	5.17858E-8	0.000015
2686	1	2.58929E-8	0.000015
2688	1	2.58929E-8	0.000015
2693	1	2.58929E-8	0.000015
2698	1	2.58929E-8	0.000015
2704	1	2.58929E-8	0.000015
2711	1	2.58929E-8	0.000015
2719	1	2.58929E-8	0.000015
2726	1	2.58929E-8	0.000015
2727	1	2.58929E-8	0.000015
2729	1	2.58929E-8	0.000015
2730	1	2.58929E-8	0.000015
2732	1	2.58929E-8	0.000015
2735	1	2.58929E-8	0.000015
2738	2	5.17858E-8	0.000014
2744	1	2.58929E-8	0.000014
2750	1	2.58929E-8	0.000014
2755	1	2.58929E-8	0.000014
2756	1	2.58929E-8	0.000014
2757	1	2.58929E-8	0.000014
2767	1	2.58929E-8	0.000014
2769	1	2.58929E-8	0.000014
2770	1	2.58929E-8	0.000014
2771	1	2.58929E-8	0.000014
2789	1	2.58929E-8	0.000014
2810	1	2.58929E-8	0.000014
2814	1	2.58929E-8	0.000014
2815	1	2.58929E-8	0.000014
2819	1	2.58929E-8	0.000014
2829	1	2.58929E-8	0.000014
2842	1	2.58929E-8	0.000014
2848	1	2.58929E-8	0.000014
2853	1	2.58929E-8	0.000014
2858	2	5.17858E-8	0.000014
2881	1	2.58929E-8	0.000014
2887	1	2.58929E-8	0.000014
2890	2	5.17858E-8	0.000014
2892	1	2.58929E-8	0.000014
2898	1	2.58929E-8	0.000014
2902	1	2.58929E-8	0.000014
2904	1	2.58929E-8	0.000014
2914	1	2.58929E-8	0.000014
2942	1	2.58929E-8	0.000014
2948	1	2.58929E-8	0.000014
2949	1	2.58929E-8	0.000014
2950	1	2.58929E-8	0.000014
2960	2	5.17858E-8	0.000014
2961	2	5.17858E-8	0.000014
2963	1	2.58929E-8	0.000013
2969	1	2.58929E-8	0.000013
2974	1	2.58929E-8	0.000013
2976	1	2.58929E-8	0.000013
2988	1	2.58929E-8	0.000013
2998	1	2.58929E-8	0.000013
2999	1	2.58929E-8	0.000013
3010	1	2.58929E-8	0.000013
3016	1	2.58929E-8	0.000013
3024	1	2.58929E-8	0.000013
3026	2	5.17858E-8	0.000013
3031	1	2.58929E-8	0.000013
3032	1	2.58929E-8	0.000013
3045	2	5.17858E-8	0.000013
3059	2	5.17858E-8	0.000013
3062	1	2.58929E-8	0.000013
3068	1	2.58929E-8	0.000013
3071	1	2.58929E-8	0.000013
3077	1	2.58929E-8	0.000013
3085	1	2.58929E-8	0.000013
3087	1	2.58929E-8	0.000013
3094	2	5.17858E-8	0.000013
3105	1	2.58929E-8	0.000013
3108	1	2.58929E-8	0.000013
3110	1	2.58929E-8	0.000013
3112	1	2.58929E-8	0.000013
3113	1	2.58929E-8	0.000013
3116	1	2.58929E-8	0.000013
3117	1	2.58929E-8	0.000013
3120	1	2.58929E-8	0.000013
3146	1	2.58929E-8	0.000013
3148	1	2.58929E-8	0.000013
3151	1	2.58929E-8	0.000013
3158	1	2.58929E-8	0.000013
3159	1	2.58929E-8	0.000012
3162	2	5.17858E-8	0.000012
3164	1	2.58929E-8	0.000012
3186	1	2.58929E-8	0.000012
3187	2	5.17858E-8	0.000012
3189	1	2.58929E-8	0.000012
3191	1	2.58929E-8	0.000012
3195	1	2.58929E-8	0.000012
3198	2	5.17858E-8	0.000012
3202	1	2.58929E-8	0.000012
3205	1	2.58929E-8	0.000012
3207	1	2.58929E-8	0.000012
3224	1	2.58929E-8	0.000012
3229	1	2.58929E-8	0.000012
3232	1	2.58929E-8	0.000012
3240	1	2.58929E-8	0.000012
3250	1	2.58929E-8	0.000012
3253	1	2.58929E-8	0.000012
3255	1	2.58929E-8	0.000012
3262	1	2.58929E-8	0.000012
3263	1	2.58929E-8	0.000012
3272	1	2.58929E-8	0.000012
3276	2	5.17858E-8	0.000012
3292	1	2.58929E-8	0.000012
3296	1	2.58929E-8	0.000012
3301	2	5.17858E-8	0.000012
3306	1	2.58929E-8	0.000012
3332	1	2.58929E-8	0.000012
3342	1	2.58929E-8	0.000012
3351	1	2.58929E-8	0.000012
3357	1	2.58929E-8	0.000012
3362	1	2.58929E-8	0.000012
3370	1	2.58929E-8	0.000012
3375	1	2.58929E-8	0.000011
3378	1	2.58929E-8	0.000011
3395	1	2.58929E-8	0.000011
3398	1	2.58929E-8	0.000011
3410	1	2.58929E-8	0.000011
3416	1	2.58929E-8	0.000011
3432	2	5.17858E-8	0.000011
3433	1	2.58929E-8	0.000011
3436	1	2.58929E-8	0.000011
3438	2	5.17858E-8	0.000011
3440	1	2.58929E-8	0.000011
3463	1	2.58929E-8	0.000011
3476	1	2.58929E-8	0.000011
3481	1	2.58929E-8	0.000011
3482	1	2.58929E-8	0.000011
3485	1	2.58929E-8	0.000011
3501	1	2.58929E-8	0.000011
3504	1	2.58929E-8	0.000011
3512	1	2.58929E-8	0.000011
3516	1	2.58929E-8	0.000011
3524	2	5.17858E-8	0.000011
3530	1	2.58929E-8	0.000011
3534	1	2.58929E-8	0.000011
3538	1	2.58929E-8	0.000011
3550	1	2.58929E-8	0.000011
3558	1	2.58929E-8	0.000011
3574	1	2.58929E-8	0.000011
3588	1	2.58929E-8	0.000011
3590	1	2.58929E-8	0.000011
3591	1	2.58929E-8	0.000011
3594	1	2.58929E-8	0.000011
3605	3	7.76787E-8	0.000011
3607	1	2.58929E-8	0.000011
3623	1	2.58929E-8	0.000011
3629	2	5.17858E-8	0.00001
3632	1	2.58929E-8	0.00001
3637	1	2.58929E-8	0.00001
3640	1	2.58929E-8	0.00001
3642	1	2.58929E-8	0.00001
3645	1	2.58929E-8	0.00001
3648	1	2.58929E-8	0.00001
3659	1	2.58929E-8	0.00001
3671	1	2.58929E-8	0.00001
3683	1	2.58929E-8	0.00001
3713	1	2.58929E-8	0.00001
3721	1	2.58929E-8	0.00001
3730	1	2.58929E-8	0.00001
3737	1	2.58929E-8	0.00001
3752	1	2.58929E-8	0.00001
3753	1	2.58929E-8	0.00001
3754	1	2.58929E-8	0.00001
3762	1	2.58929E-8	0.00001
3766	1	2.58929E-8	9.99466E-6
3767	1	2.58929E-8	9.96876E-6
3773	1	2.58929E-8	9.94287E-6
3778	1	2.58929E-8	9.91698E-6
3799	1	2.58929E-8	9.89109E-6
3803	1	2.58929E-8	9.86519E-6
3807	1	2.58929E-8	9.8393E-6
3810	1	2.58929E-8	9.81341E-6
3811	1	2.58929E-8	9.78751E-6
3813	1	2.58929E-8	9.76162E-6
3814	1	2.58929E-8	9.73573E-6
3816	1	2.58929E-8	9.70984E-6
3836	1	2.58929E-8	9.68394E-6
3839	1	2.58929E-8	9.65805E-6
3846	1	2.58929E-8	9.63216E-6
3849	1	2.58929E-8	9.60626E-6
3863	1	2.58929E-8	9.58037E-6
3870	1	2.58929E-8	9.55448E-6
3873	1	2.58929E-8	9.52859E-6
3876	1	2.58929E-8	9.50269E-6
3879	1	2.58929E-8	9.4768E-6
3889	1	2.58929E-8	9.45091E-6
3901	1	2.58929E-8	9.42501E-6
3921	1	2.58929E-8	9.39912E-6
3946	1	2.58929E-8	9.37323E-6
3956	1	2.58929E-8	9.34734E-6
3957	1	2.58929E-8	9.32144E-6
3958	1	2.58929E-8	9.29555E-6
3963	1	2.58929E-8	9.26966E-6
3979	1	2.58929E-8	9.24376E-6
3983	1	2.58929E-8	9.21787E-6
3991	2	5.17858E-8	9.19198E-6
3992	1	2.58929E-8	9.14019E-6
3994	1	2.58929E-8	9.1143E-6
4001	1	2.58929E-8	9.08841E-6
4007	1	2.58929E-8	9.06251E-6
4009	1	2.58929E-8	9.03662E-6
4026	1	2.58929E-8	9.01073E-6
4032	1	2.58929E-8	8.98483E-6
4039	1	2.58929E-8	8.95894E-6
4052	1	2.58929E-8	8.93305E-6
4064	1	2.58929E-8	8.90716E-6
4075	1	2.58929E-8	8.88126E-6
4087	1	2.58929E-8	8.85537E-6
4090	1	2.58929E-8	8.82948E-6
4108	1	2.58929E-8	8.80358E-6
4119	1	2.58929E-8	8.77769E-6
4128	2	5.17858E-8	8.7518E-6
4150	1	2.58929E-8	8.70001E-6
4152	1	2.58929E-8	8.67412E-6
4158	1	2.58929E-8	8.64823E-6
4174	2	5.17858E-8	8.62233E-6
4176	1	2.58929E-8	8.57055E-6
4197	1	2.58929E-8	8.54466E-6
4223	1	2.58929E-8	8.51876E-6
4234	1	2.58929E-8	8.49287E-6
4239	1	2.58929E-8	8.46698E-6
4242	1	2.58929E-8	8.44108E-6
4257	1	2.58929E-8	8.41519E-6
4265	1	2.58929E-8	8.3893E-6
4275	1	2.58929E-8	8.36341E-6
4278	1	2.58929E-8	8.33751E-6
4293	1	2.58929E-8	8.31162E-6
4301	1	2.58929E-8	8.28573E-6
4323	1	2.58929E-8	8.25983E-6
4324	1	2.58929E-8	8.23394E-6
4328	1	2.58929E-8	8.20805E-6
4330	1	2.58929E-8	8.18215E-6
4367	1	2.58929E-8	8.15626E-6
4371	1	2.58929E-8	8.13037E-6
4386	1	2.58929E-8	8.10448E-6
4394	1	2.58929E-8	8.07858E-6
4408	1	2.58929E-8	8.05269E-6
4415	1	2.58929E-8	8.0268E-6
4420	1	2.58929E-8	8.0009E-6
4423	1	2.58929E-8	7.97501E-6
4427	2	5.17858E-8	7.94912E-6
4443	1	2.58929E-8	7.89733E-6
4460	1	2.58929E-8	7.87144E-6
4479	2	5.17858E-8	7.84555E-6
4486	1	2.58929E-8	7.79376E-6
4488	1	2.58929E-8	7.76787E-6
4526	1	2.58929E-8	7.74198E-6
4532	1	2.58929E-8	7.71608E-6
4555	1	2.58929E-8	7.69019E-6
4583	1	2.58929E-8	7.6643E-6
4593	1	2.58929E-8	7.6384E-6
4599	1	2.58929E-8	7.61251E-6
4608	1	2.58929E-8	7.58662E-6
4609	1	2.58929E-8	7.56073E-6
4616	1	2.58929E-8	7.53483E-6
4622	1	2.58929E-8	7.50894E-6
4627	1	2.58929E-8	7.48305E-6
4630	1	2.58929E-8	7.45715E-6
4634	1	2.58929E-8	7.43126E-6
4641	1	2.58929E-8	7.40537E-6
4657	1	2.58929E-8	7.37948E-6
4659	1	2.58929E-8	7.35358E-6
4666	1	2.58929E-8	7.32769E-6
4675	1	2.58929E-8	7.3018E-6
4676	1	2.58929E-8	7.2759E-6
4717	1	2.58929E-8	7.25001E-6
4744	1	2.58929E-8	7.22412E-6
4756	1	2.58929E-8	7.19822E-6
4765	1	2.58929E-8	7.17233E-6
4778	1	2.58929E-8	7.14644E-6
4796	1	2.58929E-8	7.12055E-6
4797	1	2.58929E-8	7.09465E-6
4822	1	2.58929E-8	7.06876E-6
4895	1	2.58929E-8	7.04287E-6
4908	1	2.58929E-8	7.01697E-6
4931	1	2.58929E-8	6.99108E-6
4950	1	2.58929E-8	6.96519E-6
4954	1	2.58929E-8	6.9393E-6
4959	2	5.17858E-8	6.9134E-6
4967	1	2.58929E-8	6.86162E-6
4980	1	2.58929E-8	6.83572E-6
4981	1	2.58929E-8	6.80983E-6
4995	1	2.58929E-8	6.78394E-6
4999	1	2.58929E-8	6.75805E-6
5004	1	2.58929E-8	6.73215E-6
5007	1	2.58929E-8	6.70626E-6
5009	1	2.58929E-8	6.68037E-6
5011	1	2.58929E-8	6.65447E-6
5046	1	2.58929E-8	6.62858E-6
5049	1	2.58929E-8	6.60269E-6
5075	1	2.58929E-8	6.5768E-6
5077	1	2.58929E-8	6.5509E-6
5091	1	2.58929E-8	6.52501E-6
5092	1	2.58929E-8	6.49912E-6
5094	1	2.58929E-8	6.47322E-6
5104	1	2.58929E-8	6.44733E-6
5107	1	2.58929E-8	6.42144E-6
5120	1	2.58929E-8	6.39555E-6
5122	1	2.58929E-8	6.36965E-6
5129	1	2.58929E-8	6.34376E-6
5136	1	2.58929E-8	6.31787E-6
5137	1	2.58929E-8	6.29197E-6
5143	1	2.58929E-8	6.26608E-6
5152	1	2.58929E-8	6.24019E-6
5182	1	2.58929E-8	6.21429E-6
5203	1	2.58929E-8	6.1884E-6
5210	1	2.58929E-8	6.16251E-6
5231	1	2.58929E-8	6.13662E-6
5255	1	2.58929E-8	6.11072E-6
5258	1	2.58929E-8	6.08483E-6
5263	1	2.58929E-8	6.05894E-6
5298	1	2.58929E-8	6.03304E-6
5311	1	2.58929E-8	6.00715E-6
5314	1	2.58929E-8	5.98126E-6
5328	1	2.58929E-8	5.95537E-6
5329	1	2.58929E-8	5.92947E-6
5357	1	2.58929E-8	5.90358E-6
5431	1	2.58929E-8	5.87769E-6
5438	1	2.58929E-8	5.85179E-6
5454	1	2.58929E-8	5.8259E-6
5471	1	2.58929E-8	5.80001E-6
5490	1	2.58929E-8	5.77412E-6
5491	1	2.58929E-8	5.74822E-6
5538	1	2.58929E-8	5.72233E-6
5588	1	2.58929E-8	5.69644E-6
5589	1	2.58929E-8	5.67054E-6
5590	1	2.58929E-8	5.64465E-6
5623	1	2.58929E-8	5.61876E-6
5632	1	2.58929E-8	5.59287E-6
5664	1	2.58929E-8	5.56697E-6
5685	1	2.58929E-8	5.54108E-6
5712	1	2.58929E-8	5.51519E-6
5718	1	2.58929E-8	5.48929E-6
5731	1	2.58929E-8	5.4634E-6
5735	1	2.58929E-8	5.43751E-6
5758	1	2.58929E-8	5.41162E-6
5803	1	2.58929E-8	5.38572E-6
5879	1	2.58929E-8	5.35983E-6
5881	1	2.58929E-8	5.33394E-6
5908	1	2.58929E-8	5.30804E-6
5966	1	2.58929E-8	5.28215E-6
5987	1	2.58929E-8	5.25626E-6
6010	1	2.58929E-8	5.23036E-6
6014	1	2.58929E-8	5.20447E-6
6037	1	2.58929E-8	5.17858E-6
6055	1	2.58929E-8	5.15269E-6
6058	1	2.58929E-8	5.12679E-6
6069	1	2.58929E-8	5.1009E-6
6133	1	2.58929E-8	5.07501E-6
6151	1	2.58929E-8	5.04911E-6
6169	1	2.58929E-8	5.02322E-6
6183	1	2.58929E-8	4.99733E-6
6190	1	2.58929E-8	4.97144E-6
6195	1	2.58929E-8	4.94554E-6
6239	1	2.58929E-8	4.91965E-6
6259	1	2.58929E-8	4.89376E-6
6266	1	2.58929E-8	4.86786E-6
6289	1	2.58929E-8	4.84197E-6
6326	1	2.58929E-8	4.81608E-6
6336	1	2.58929E-8	4.79019E-6
6342	1	2.58929E-8	4.76429E-6
6403	1	2.58929E-8	4.7384E-6
6416	1	2.58929E-8	4.71251E-6
6417	1	2.58929E-8	4.68661E-6
6459	1	2.58929E-8	4.66072E-6
6504	1	2.58929E-8	4.63483E-6
6525	1	2.58929E-8	4.60894E-6
6542	1	2.58929E-8	4.58304E-6
6543	1	2.58929E-8	4.55715E-6
6567	1	2.58929E-8	4.53126E-6
6597	1	2.58929E-8	4.50536E-6
6606	1	2.58929E-8	4.47947E-6
6759	1	2.58929E-8	4.45358E-6
6773	1	2.58929E-8	4.42769E-6
6784	1	2.58929E-8	4.40179E-6
6808	1	2.58929E-8	4.3759E-6
6831	1	2.58929E-8	4.35001E-6
6834	2	5.17858E-8	4.32411E-6
6835	1	2.58929E-8	4.27233E-6
6842	1	2.58929E-8	4.24643E-6
6844	1	2.58929E-8	4.22054E-6
6871	1	2.58929E-8	4.19465E-6
6925	1	2.58929E-8	4.16876E-6
7020	1	2.58929E-8	4.14286E-6
7059	1	2.58929E-8	4.11697E-6
7152	1	2.58929E-8	4.09108E-6
7185	1	2.58929E-8	4.06518E-6
7227	1	2.58929E-8	4.03929E-6
7235	1	2.58929E-8	4.0134E-6
7258	1	2.58929E-8	3.98751E-6
7341	1	2.58929E-8	3.96161E-6
7351	1	2.58929E-8	3.93572E-6
7384	1	2.58929E-8	3.90983E-6
7397	1	2.58929E-8	3.88393E-6
7436	1	2.58929E-8	3.85804E-6
7489	1	2.58929E-8	3.83215E-6
7547	1	2.58929E-8	3.80626E-6
7593	1	2.58929E-8	3.78036E-6
7620	1	2.58929E-8	3.75447E-6
7623	1	2.58929E-8	3.72858E-6
7650	1	2.58929E-8	3.70268E-6
7712	1	2.58929E-8	3.67679E-6
7731	1	2.58929E-8	3.6509E-6
7739	1	2.58929E-8	3.62501E-6
7741	1	2.58929E-8	3.59911E-6
7826	1	2.58929E-8	3.57322E-6
7870	1	2.58929E-8	3.54733E-6
7897	1	2.58929E-8	3.52143E-6
7940	1	2.58929E-8	3.49554E-6
8001	1	2.58929E-8	3.46965E-6
8035	1	2.58929E-8	3.44376E-6
8138	2	5.17858E-8	3.41786E-6
8189	1	2.58929E-8	3.36608E-6
8202	1	2.58929E-8	3.34018E-6
8228	1	2.58929E-8	3.31429E-6
8239	1	2.58929E-8	3.2884E-6
8279	1	2.58929E-8	3.2625E-6
8285	1	2.58929E-8	3.23661E-6
8342	1	2.58929E-8	3.21072E-6
8350	1	2.58929E-8	3.18483E-6
8364	1	2.58929E-8	3.15893E-6
8396	1	2.58929E-8	3.13304E-6
8417	1	2.58929E-8	3.10715E-6
8448	1	2.58929E-8	3.08125E-6
8470	1	2.58929E-8	3.05536E-6
8478	1	2.58929E-8	3.02947E-6
8514	1	2.58929E-8	3.00358E-6
8519	1	2.58929E-8	2.97768E-6
8543	1	2.58929E-8	2.95179E-6
8561	1	2.58929E-8	2.9259E-6
8563	1	2.58929E-8	2.9E-6
8602	1	2.58929E-8	2.87411E-6
8621	1	2.58929E-8	2.84822E-6
8655	1	2.58929E-8	2.82233E-6
8678	1	2.58929E-8	2.79643E-6
8766	1	2.58929E-8	2.77054E-6
8865	1	2.58929E-8	2.74465E-6
9018	1	2.58929E-8	2.71875E-6
9049	1	2.58929E-8	2.69286E-6
9341	1	2.58929E-8	2.66697E-6
9379	1	2.58929E-8	2.64108E-6
9407	1	2.58929E-8	2.61518E-6
9463	1	2.58929E-8	2.58929E-6
9545	1	2.58929E-8	2.5634E-6
9566	1	2.58929E-8	2.5375E-6
9598	1	2.58929E-8	2.51161E-6
9639	1	2.58929E-8	2.48572E-6
9769	1	2.58929E-8	2.45983E-6
9774	1	2.58929E-8	2.43393E-6
9788	1	2.58929E-8	2.40804E-6
9891	1	2.58929E-8	2.38215E-6
9953	1	2.58929E-8	2.35625E-6
9983	1	2.58929E-8	2.33036E-6
10049	1	2.58929E-8	2.30447E-6
10099	2	5.17858E-8	2.27857E-6
10118	1	2.58929E-8	2.22679E-6
10126	1	2.58929E-8	2.2009E-6
10153	1	2.58929E-8	2.175E-6
10397	1	2.58929E-8	2.14911E-6
10465	1	2.58929E-8	2.12322E-6
10652	1	2.58929E-8	2.09732E-6
10687	1	2.58929E-8	2.07143E-6
10709	1	2.58929E-8	2.04554E-6
10879	1	2.58929E-8	2.01965E-6
10904	1	2.58929E-8	1.99375E-6
10922	1	2.58929E-8	1.96786E-6
11214	1	2.58929E-8	1.94197E-6
11595	1	2.58929E-8	1.91607E-6
11651	1	2.58929E-8	1.89018E-6
11687	1	2.58929E-8	1.86429E-6
11738	1	2.58929E-8	1.8384E-6
11759	1	2.58929E-8	1.8125E-6
11824	1	2.58929E-8	1.78661E-6
11890	1	2.58929E-8	1.76072E-6
12191	1	2.58929E-8	1.73482E-6
12471	2	5.17858E-8	1.70893E-6
12635	1	2.58929E-8	1.65715E-6
12674	1	2.58929E-8	1.63125E-6
12713	1	2.58929E-8	1.60536E-6
12743	1	2.58929E-8	1.57947E-6
12752	1	2.58929E-8	1.55357E-6
12779	1	2.58929E-8	1.52768E-6
12836	1	2.58929E-8	1.50179E-6
13073	1	2.58929E-8	1.4759E-6
13105	1	2.58929E-8	1.45E-6
13253	1	2.58929E-8	1.42411E-6
13308	1	2.58929E-8	1.39822E-6
13397	1	2.58929E-8	1.37232E-6
13627	1	2.58929E-8	1.34643E-6
13639	1	2.58929E-8	1.32054E-6
13699	1	2.58929E-8	1.29464E-6
14018	1	2.58929E-8	1.26875E-6
14247	1	2.58929E-8	1.24286E-6
14252	1	2.58929E-8	1.21697E-6
14795	1	2.58929E-8	1.19107E-6
14914	1	2.58929E-8	1.16518E-6
15102	1	2.58929E-8	1.13929E-6
15625	1	2.58929E-8	1.11339E-6
15734	1	2.58929E-8	1.0875E-6
15939	1	2.58929E-8	1.06161E-6
16206	1	2.58929E-8	1.03572E-6
16282	1	2.58929E-8	1.00982E-6
16284	1	2.58929E-8	9.8393E-7
16556	1	2.58929E-8	9.58037E-7
17350	1	2.58929E-8	9.32144E-7
17742	1	2.58929E-8	9.06251E-7
18091	1	2.58929E-8	8.80358E-7
18191	1	2.58929E-8	8.54466E-7
18294	1	2.58929E-8	8.28573E-7
18743	1	2.58929E-8	8.0268E-7
18841	1	2.58929E-8	7.76787E-7
19110	1	2.58929E-8	7.50894E-7
19372	1	2.58929E-8	7.25001E-7
19704	1	2.58929E-8	6.99108E-7
20209	1	2.58929E-8	6.73215E-7
20909	1	2.58929E-8	6.47322E-7
20927	1	2.58929E-8	6.21429E-7
21644	1	2.58929E-8	5.95537E-7
21776	1	2.58929E-8	5.69644E-7
23240	1	2.58929E-8	5.43751E-7
23766	1	2.58929E-8	5.17858E-7
24372	1	2.58929E-8	4.91965E-7
25060	1	2.58929E-8	4.66072E-7
25177	1	2.58929E-8	4.40179E-7
25622	1	2.58929E-8	4.14286E-7
26019	1	2.58929E-8	3.88393E-7
27457	1	2.58929E-8	3.62501E-7
27470	1	2.58929E-8	3.36608E-7
29250	1	2.58929E-8	3.10715E-7
29313	1	2.58929E-8	2.84822E-7
29394	1	2.58929E-8	2.58929E-7
29905	1	2.58929E-8	2.33036E-7
30070	1	2.58929E-8	2.07143E-7
35321	1	2.58929E-8	1.8125E-7
35608	1	2.58929E-8	1.55357E-7
35894	1	2.58929E-8	1.29464E-7
36410	1	2.58929E-8	1.03572E-7
36554	1	2.58929E-8	7.76787E-8
37194	1	2.58929E-8	5.17858E-8
37998	1	2.58929E-8	2.58929E-8
