family_size	count	fraction	fraction_gt_or_eq_family_size
1	28896617	0.745928	1
2	6660140	0.171923	0.254072
3	1744353	0.045028	0.08215
4	613302	0.015832	0.037121
5	285714	0.007375	0.02129
6	148717	0.003839	0.013914
7	102995	0.002659	0.010076
8	63467	0.001638	0.007417
9	45498	0.001174	0.005779
10	33617	0.000868	0.004604
11	25055	0.000647	0.003736
12	17947	0.000463	0.00309
13	15305	0.000395	0.002626
14	11683	0.000302	0.002231
15	9226	0.000238	0.00193
16	7878	0.000203	0.001691
17	6579	0.00017	0.001488
18	5140	0.000133	0.001318
19	4610	0.000119	0.001186
20	3828	0.000099	0.001067
21	3225	0.000083	0.000968
22	2857	0.000074	0.000885
23	2491	0.000064	0.000811
24	2169	0.000056	0.000746
25	1906	0.000049	0.00069
26	1636	0.000042	0.000641
27	1461	0.000038	0.000599
28	1333	0.000034	0.000561
29	1218	0.000031	0.000527
30	1043	0.000027	0.000495
31	948	0.000024	0.000469
32	893	0.000023	0.000444
33	728	0.000019	0.000421
34	761	0.00002	0.000402
35	664	0.000017	0.000383
36	591	0.000015	0.000365
37	558	0.000014	0.00035
38	497	0.000013	0.000336
39	511	0.000013	0.000323
40	453	0.000012	0.00031
41	391	0.00001	0.000298
42	368	9.49943E-6	0.000288
43	356	9.18967E-6	0.000279
44	312	8.05387E-6	0.000269
45	318	8.20875E-6	0.000261
46	257	6.63411E-6	0.000253
47	268	6.91806E-6	0.000246
48	241	6.22109E-6	0.000239
49	234	6.0404E-6	0.000233
50	226	5.83389E-6	0.000227
51	209	5.39506E-6	0.000221
52	197	5.08529E-6	0.000216
53	175	4.51739E-6	0.000211
54	169	4.36251E-6	0.000206
55	143	3.69136E-6	0.000202
56	144	3.71717E-6	0.000198
57	153	3.94949E-6	0.000195
58	157	4.05275E-6	0.000191
59	123	3.17508E-6	0.000187
60	117	3.0202E-6	0.000183
61	111	2.86532E-6	0.00018
62	120	3.09764E-6	0.000178
63	111	2.86532E-6	0.000174
64	102	2.63299E-6	0.000172
65	106	2.73625E-6	0.000169
66	118	3.04601E-6	0.000166
67	108	2.78788E-6	0.000163
68	91	2.34904E-6	0.00016
69	79	2.03928E-6	0.000158
70	74	1.91021E-6	0.000156
71	73	1.8844E-6	0.000154
72	61	1.57463E-6	0.000152
73	57	1.47138E-6	0.000151
74	82	2.11672E-6	0.000149
75	74	1.91021E-6	0.000147
76	78	2.01347E-6	0.000145
77	77	1.98765E-6	0.000143
78	58	1.49719E-6	0.000141
79	51	1.3165E-6	0.00014
80	58	1.49719E-6	0.000138
81	60	1.54882E-6	0.000137
82	56	1.44557E-6	0.000135
83	55	1.41975E-6	0.000134
84	46	1.18743E-6	0.000132
85	54	1.39394E-6	0.000131
86	45	1.16162E-6	0.00013
87	41	1.05836E-6	0.000129
88	46	1.18743E-6	0.000128
89	54	1.39394E-6	0.000126
90	33	8.51851E-7	0.000125
91	47	1.21324E-6	0.000124
92	40	1.03255E-6	0.000123
93	36	9.29292E-7	0.000122
94	42	1.08417E-6	0.000121
95	30	7.7441E-7	0.00012
96	38	9.8092E-7	0.000119
97	32	8.26037E-7	0.000118
98	32	8.26037E-7	0.000117
99	29	7.48596E-7	0.000117
100	31	8.00224E-7	0.000116
101	28	7.22783E-7	0.000115
102	31	8.00224E-7	0.000114
103	35	9.03479E-7	0.000113
104	32	8.26037E-7	0.000113
105	31	8.00224E-7	0.000112
106	24	6.19528E-7	0.000111
107	27	6.96969E-7	0.00011
108	21	5.42087E-7	0.00011
109	25	6.45342E-7	0.000109
110	30	7.7441E-7	0.000108
111	21	5.42087E-7	0.000108
112	23	5.93714E-7	0.000107
113	22	5.67901E-7	0.000107
114	33	8.51851E-7	0.000106
115	30	7.7441E-7	0.000105
116	19	4.9046E-7	0.000104
117	25	6.45342E-7	0.000104
118	20	5.16273E-7	0.000103
119	21	5.42087E-7	0.000103
120	19	4.9046E-7	0.000102
121	21	5.42087E-7	0.000102
122	26	6.71155E-7	0.000101
123	24	6.19528E-7	0.0001
124	21	5.42087E-7	0.0001
125	28	7.22783E-7	0.000099
126	19	4.9046E-7	0.000099
127	20	5.16273E-7	0.000098
128	18	4.64646E-7	0.000098
129	15	3.87205E-7	0.000097
130	14	3.61391E-7	0.000097
131	17	4.38832E-7	0.000096
132	14	3.61391E-7	0.000096
133	13	3.35578E-7	0.000096
134	16	4.13019E-7	0.000095
135	15	3.87205E-7	0.000095
136	18	4.64646E-7	0.000094
137	13	3.35578E-7	0.000094
138	12	3.09764E-7	0.000094
139	13	3.35578E-7	0.000093
140	23	5.93714E-7	0.000093
141	15	3.87205E-7	0.000092
142	10	2.58137E-7	0.000092
143	14	3.61391E-7	0.000092
144	19	4.9046E-7	0.000091
145	13	3.35578E-7	0.000091
146	13	3.35578E-7	0.000091
147	22	5.67901E-7	0.00009
148	9	2.32323E-7	0.00009
149	13	3.35578E-7	0.000089
150	12	3.09764E-7	0.000089
151	10	2.58137E-7	0.000089
152	9	2.32323E-7	0.000088
153	9	2.32323E-7	0.000088
154	4	1.03255E-7	0.000088
155	12	3.09764E-7	0.000088
156	13	3.35578E-7	0.000088
157	10	2.58137E-7	0.000087
158	8	2.06509E-7	0.000087
159	10	2.58137E-7	0.000087
160	12	3.09764E-7	0.000087
161	12	3.09764E-7	0.000086
162	12	3.09764E-7	0.000086
163	12	3.09764E-7	0.000086
164	10	2.58137E-7	0.000085
165	8	2.06509E-7	0.000085
166	10	2.58137E-7	0.000085
167	10	2.58137E-7	0.000085
168	12	3.09764E-7	0.000084
169	11	2.8395E-7	0.000084
170	14	3.61391E-7	0.000084
171	8	2.06509E-7	0.000083
172	4	1.03255E-7	0.000083
173	9	2.32323E-7	0.000083
174	6	1.54882E-7	0.000083
175	5	1.29068E-7	0.000083
176	8	2.06509E-7	0.000083
177	5	1.29068E-7	0.000082
178	10	2.58137E-7	0.000082
179	10	2.58137E-7	0.000082
180	10	2.58137E-7	0.000082
181	14	3.61391E-7	0.000081
182	5	1.29068E-7	0.000081
183	4	1.03255E-7	0.000081
184	7	1.80696E-7	0.000081
185	11	2.8395E-7	0.000081
186	12	3.09764E-7	0.00008
187	6	1.54882E-7	0.00008
188	11	2.8395E-7	0.00008
189	8	2.06509E-7	0.00008
190	13	3.35578E-7	0.000079
191	12	3.09764E-7	0.000079
192	8	2.06509E-7	0.000079
193	10	2.58137E-7	0.000079
194	9	2.32323E-7	0.000078
195	9	2.32323E-7	0.000078
196	9	2.32323E-7	0.000078
197	9	2.32323E-7	0.000078
198	5	1.29068E-7	0.000077
199	10	2.58137E-7	0.000077
200	9	2.32323E-7	0.000077
201	4	1.03255E-7	0.000077
202	7	1.80696E-7	0.000077
203	10	2.58137E-7	0.000076
204	7	1.80696E-7	0.000076
205	8	2.06509E-7	0.000076
206	5	1.29068E-7	0.000076
207	8	2.06509E-7	0.000076
208	5	1.29068E-7	0.000075
209	11	2.8395E-7	0.000075
210	7	1.80696E-7	0.000075
211	5	1.29068E-7	0.000075
212	7	1.80696E-7	0.000075
213	6	1.54882E-7	0.000075
214	8	2.06509E-7	0.000074
215	9	2.32323E-7	0.000074
216	4	1.03255E-7	0.000074
217	9	2.32323E-7	0.000074
218	3	7.7441E-8	0.000074
219	5	1.29068E-7	0.000074
220	4	1.03255E-7	0.000073
221	4	1.03255E-7	0.000073
222	3	7.7441E-8	0.000073
223	7	1.80696E-7	0.000073
224	7	1.80696E-7	0.000073
225	10	2.58137E-7	0.000073
226	2	5.16273E-8	0.000073
227	6	1.54882E-7	0.000072
228	10	2.58137E-7	0.000072
229	8	2.06509E-7	0.000072
230	7	1.80696E-7	0.000072
231	5	1.29068E-7	0.000072
232	5	1.29068E-7	0.000072
233	4	1.03255E-7	0.000071
234	8	2.06509E-7	0.000071
235	4	1.03255E-7	0.000071
236	8	2.06509E-7	0.000071
237	7	1.80696E-7	0.000071
238	6	1.54882E-7	0.000071
239	6	1.54882E-7	0.00007
240	3	7.7441E-8	0.00007
241	5	1.29068E-7	0.00007
242	3	7.7441E-8	0.00007
243	4	1.03255E-7	0.00007
244	4	1.03255E-7	0.00007
245	8	2.06509E-7	0.00007
246	5	1.29068E-7	0.00007
247	4	1.03255E-7	0.000069
248	6	1.54882E-7	0.000069
249	6	1.54882E-7	0.000069
250	2	5.16273E-8	0.000069
251	5	1.29068E-7	0.000069
252	3	7.7441E-8	0.000069
253	8	2.06509E-7	0.000069
254	4	1.03255E-7	0.000069
255	8	2.06509E-7	0.000069
256	6	1.54882E-7	0.000068
257	8	2.06509E-7	0.000068
258	6	1.54882E-7	0.000068
259	3	7.7441E-8	0.000068
260	6	1.54882E-7	0.000068
261	4	1.03255E-7	0.000068
262	4	1.03255E-7	0.000067
263	3	7.7441E-8	0.000067
264	5	1.29068E-7	0.000067
265	3	7.7441E-8	0.000067
266	6	1.54882E-7	0.000067
267	6	1.54882E-7	0.000067
268	3	7.7441E-8	0.000067
269	1	2.58137E-8	0.000067
270	2	5.16273E-8	0.000067
271	4	1.03255E-7	0.000067
272	2	5.16273E-8	0.000066
273	3	7.7441E-8	0.000066
274	4	1.03255E-7	0.000066
275	3	7.7441E-8	0.000066
276	5	1.29068E-7	0.000066
277	4	1.03255E-7	0.000066
278	7	1.80696E-7	0.000066
279	5	1.29068E-7	0.000066
280	5	1.29068E-7	0.000066
281	2	5.16273E-8	0.000066
282	5	1.29068E-7	0.000065
283	2	5.16273E-8	0.000065
284	5	1.29068E-7	0.000065
285	5	1.29068E-7	0.000065
286	4	1.03255E-7	0.000065
287	5	1.29068E-7	0.000065
288	2	5.16273E-8	0.000065
289	4	1.03255E-7	0.000065
290	3	7.7441E-8	0.000065
291	2	5.16273E-8	0.000065
292	1	2.58137E-8	0.000065
293	6	1.54882E-7	0.000064
294	3	7.7441E-8	0.000064
295	7	1.80696E-7	0.000064
296	4	1.03255E-7	0.000064
297	5	1.29068E-7	0.000064
298	3	7.7441E-8	0.000064
299	4	1.03255E-7	0.000064
300	4	1.03255E-7	0.000064
301	3	7.7441E-8	0.000064
302	3	7.7441E-8	0.000063
303	2	5.16273E-8	0.000063
304	3	7.7441E-8	0.000063
305	4	1.03255E-7	0.000063
306	5	1.29068E-7	0.000063
307	3	7.7441E-8	0.000063
308	2	5.16273E-8	0.000063
309	2	5.16273E-8	0.000063
310	6	1.54882E-7	0.000063
312	1	2.58137E-8	0.000063
313	1	2.58137E-8	0.000063
314	4	1.03255E-7	0.000063
315	3	7.7441E-8	0.000063
316	5	1.29068E-7	0.000062
317	7	1.80696E-7	0.000062
318	3	7.7441E-8	0.000062
319	5	1.29068E-7	0.000062
320	4	1.03255E-7	0.000062
321	1	2.58137E-8	0.000062
322	2	5.16273E-8	0.000062
323	3	7.7441E-8	0.000062
324	1	2.58137E-8	0.000062
325	3	7.7441E-8	0.000062
326	5	1.29068E-7	0.000062
327	2	5.16273E-8	0.000061
328	3	7.7441E-8	0.000061
329	5	1.29068E-7	0.000061
330	5	1.29068E-7	0.000061
331	2	5.16273E-8	0.000061
332	4	1.03255E-7	0.000061
334	4	1.03255E-7	0.000061
335	2	5.16273E-8	0.000061
336	3	7.7441E-8	0.000061
337	2	5.16273E-8	0.000061
338	4	1.03255E-7	0.000061
339	3	7.7441E-8	0.000061
340	3	7.7441E-8	0.00006
342	4	1.03255E-7	0.00006
343	1	2.58137E-8	0.00006
344	4	1.03255E-7	0.00006
345	4	1.03255E-7	0.00006
346	3	7.7441E-8	0.00006
347	4	1.03255E-7	0.00006
348	5	1.29068E-7	0.00006
349	3	7.7441E-8	0.00006
350	2	5.16273E-8	0.00006
351	2	5.16273E-8	0.00006
352	9	2.32323E-7	0.00006
353	6	1.54882E-7	0.000059
354	3	7.7441E-8	0.000059
355	4	1.03255E-7	0.000059
356	2	5.16273E-8	0.000059
357	3	7.7441E-8	0.000059
358	2	5.16273E-8	0.000059
359	4	1.03255E-7	0.000059
360	2	5.16273E-8	0.000059
361	3	7.7441E-8	0.000059
362	4	1.03255E-7	0.000059
363	3	7.7441E-8	0.000058
364	2	5.16273E-8	0.000058
365	4	1.03255E-7	0.000058
366	3	7.7441E-8	0.000058
368	2	5.16273E-8	0.000058
369	1	2.58137E-8	0.000058
370	1	2.58137E-8	0.000058
371	1	2.58137E-8	0.000058
372	4	1.03255E-7	0.000058
373	4	1.03255E-7	0.000058
374	1	2.58137E-8	0.000058
375	4	1.03255E-7	0.000058
376	4	1.03255E-7	0.000058
377	3	7.7441E-8	0.000058
378	3	7.7441E-8	0.000058
379	5	1.29068E-7	0.000057
380	2	5.16273E-8	0.000057
381	5	1.29068E-7	0.000057
382	2	5.16273E-8	0.000057
384	3	7.7441E-8	0.000057
385	6	1.54882E-7	0.000057
387	6	1.54882E-7	0.000057
388	2	5.16273E-8	0.000057
389	1	2.58137E-8	0.000057
390	1	2.58137E-8	0.000057
391	2	5.16273E-8	0.000057
392	2	5.16273E-8	0.000057
393	2	5.16273E-8	0.000056
394	2	5.16273E-8	0.000056
395	1	2.58137E-8	0.000056
397	4	1.03255E-7	0.000056
398	3	7.7441E-8	0.000056
399	3	7.7441E-8	0.000056
400	1	2.58137E-8	0.000056
401	5	1.29068E-7	0.000056
402	2	5.16273E-8	0.000056
403	1	2.58137E-8	0.000056
404	2	5.16273E-8	0.000056
405	1	2.58137E-8	0.000056
406	2	5.16273E-8	0.000056
408	3	7.7441E-8	0.000056
409	1	2.58137E-8	0.000056
410	1	2.58137E-8	0.000056
411	1	2.58137E-8	0.000056
413	2	5.16273E-8	0.000056
414	1	2.58137E-8	0.000056
415	5	1.29068E-7	0.000055
416	1	2.58137E-8	0.000055
417	2	5.16273E-8	0.000055
418	3	7.7441E-8	0.000055
420	3	7.7441E-8	0.000055
421	3	7.7441E-8	0.000055
422	2	5.16273E-8	0.000055
423	5	1.29068E-7	0.000055
424	1	2.58137E-8	0.000055
425	3	7.7441E-8	0.000055
426	1	2.58137E-8	0.000055
427	3	7.7441E-8	0.000055
428	1	2.58137E-8	0.000055
429	5	1.29068E-7	0.000055
430	1	2.58137E-8	0.000055
431	3	7.7441E-8	0.000054
432	1	2.58137E-8	0.000054
433	4	1.03255E-7	0.000054
434	3	7.7441E-8	0.000054
435	1	2.58137E-8	0.000054
436	1	2.58137E-8	0.000054
437	1	2.58137E-8	0.000054
438	3	7.7441E-8	0.000054
439	1	2.58137E-8	0.000054
440	3	7.7441E-8	0.000054
441	7	1.80696E-7	0.000054
442	2	5.16273E-8	0.000054
443	3	7.7441E-8	0.000054
444	1	2.58137E-8	0.000054
445	1	2.58137E-8	0.000054
446	2	5.16273E-8	0.000054
447	3	7.7441E-8	0.000054
449	2	5.16273E-8	0.000053
450	5	1.29068E-7	0.000053
451	1	2.58137E-8	0.000053
452	3	7.7441E-8	0.000053
453	3	7.7441E-8	0.000053
454	2	5.16273E-8	0.000053
456	1	2.58137E-8	0.000053
457	3	7.7441E-8	0.000053
458	1	2.58137E-8	0.000053
460	1	2.58137E-8	0.000053
462	3	7.7441E-8	0.000053
463	1	2.58137E-8	0.000053
465	1	2.58137E-8	0.000053
466	2	5.16273E-8	0.000053
467	3	7.7441E-8	0.000053
468	2	5.16273E-8	0.000053
469	1	2.58137E-8	0.000053
470	2	5.16273E-8	0.000053
471	2	5.16273E-8	0.000053
472	1	2.58137E-8	0.000052
473	2	5.16273E-8	0.000052
474	3	7.7441E-8	0.000052
475	4	1.03255E-7	0.000052
476	3	7.7441E-8	0.000052
477	3	7.7441E-8	0.000052
479	1	2.58137E-8	0.000052
480	4	1.03255E-7	0.000052
481	2	5.16273E-8	0.000052
482	4	1.03255E-7	0.000052
483	2	5.16273E-8	0.000052
484	2	5.16273E-8	0.000052
486	2	5.16273E-8	0.000052
487	1	2.58137E-8	0.000052
489	4	1.03255E-7	0.000052
490	3	7.7441E-8	0.000051
491	2	5.16273E-8	0.000051
492	1	2.58137E-8	0.000051
494	2	5.16273E-8	0.000051
495	2	5.16273E-8	0.000051
496	3	7.7441E-8	0.000051
497	1	2.58137E-8	0.000051
498	1	2.58137E-8	0.000051
500	4	1.03255E-7	0.000051
501	2	5.16273E-8	0.000051
502	2	5.16273E-8	0.000051
503	2	5.16273E-8	0.000051
504	1	2.58137E-8	0.000051
505	2	5.16273E-8	0.000051
506	1	2.58137E-8	0.000051
507	3	7.7441E-8	0.000051
508	1	2.58137E-8	0.000051
509	3	7.7441E-8	0.000051
510	1	2.58137E-8	0.000051
511	2	5.16273E-8	0.000051
512	1	2.58137E-8	0.00005
513	1	2.58137E-8	0.00005
514	2	5.16273E-8	0.00005
515	3	7.7441E-8	0.00005
516	3	7.7441E-8	0.00005
517	5	1.29068E-7	0.00005
518	3	7.7441E-8	0.00005
520	1	2.58137E-8	0.00005
521	2	5.16273E-8	0.00005
522	4	1.03255E-7	0.00005
524	1	2.58137E-8	0.00005
525	1	2.58137E-8	0.00005
526	2	5.16273E-8	0.00005
527	2	5.16273E-8	0.00005
528	5	1.29068E-7	0.00005
530	1	2.58137E-8	0.00005
532	1	2.58137E-8	0.00005
533	1	2.58137E-8	0.000049
534	3	7.7441E-8	0.000049
535	1	2.58137E-8	0.000049
536	2	5.16273E-8	0.000049
537	1	2.58137E-8	0.000049
538	2	5.16273E-8	0.000049
539	1	2.58137E-8	0.000049
540	1	2.58137E-8	0.000049
541	1	2.58137E-8	0.000049
543	4	1.03255E-7	0.000049
544	1	2.58137E-8	0.000049
546	3	7.7441E-8	0.000049
547	1	2.58137E-8	0.000049
548	1	2.58137E-8	0.000049
549	1	2.58137E-8	0.000049
550	4	1.03255E-7	0.000049
551	3	7.7441E-8	0.000049
552	2	5.16273E-8	0.000049
553	3	7.7441E-8	0.000049
554	1	2.58137E-8	0.000049
555	6	1.54882E-7	0.000049
556	1	2.58137E-8	0.000048
557	2	5.16273E-8	0.000048
558	1	2.58137E-8	0.000048
559	3	7.7441E-8	0.000048
562	3	7.7441E-8	0.000048
563	2	5.16273E-8	0.000048
565	4	1.03255E-7	0.000048
566	1	2.58137E-8	0.000048
567	1	2.58137E-8	0.000048
568	1	2.58137E-8	0.000048
569	1	2.58137E-8	0.000048
570	2	5.16273E-8	0.000048
571	3	7.7441E-8	0.000048
572	2	5.16273E-8	0.000048
575	2	5.16273E-8	0.000048
576	2	5.16273E-8	0.000048
577	1	2.58137E-8	0.000048
579	1	2.58137E-8	0.000048
580	3	7.7441E-8	0.000048
582	2	5.16273E-8	0.000047
583	1	2.58137E-8	0.000047
584	3	7.7441E-8	0.000047
586	2	5.16273E-8	0.000047
587	1	2.58137E-8	0.000047
588	2	5.16273E-8	0.000047
589	3	7.7441E-8	0.000047
590	2	5.16273E-8	0.000047
591	1	2.58137E-8	0.000047
592	2	5.16273E-8	0.000047
593	2	5.16273E-8	0.000047
594	1	2.58137E-8	0.000047
595	2	5.16273E-8	0.000047
597	1	2.58137E-8	0.000047
598	3	7.7441E-8	0.000047
599	4	1.03255E-7	0.000047
600	4	1.03255E-7	0.000047
601	3	7.7441E-8	0.000047
602	3	7.7441E-8	0.000046
603	2	5.16273E-8	0.000046
605	2	5.16273E-8	0.000046
606	1	2.58137E-8	0.000046
608	1	2.58137E-8	0.000046
609	3	7.7441E-8	0.000046
610	3	7.7441E-8	0.000046
611	3	7.7441E-8	0.000046
612	1	2.58137E-8	0.000046
613	1	2.58137E-8	0.000046
614	3	7.7441E-8	0.000046
615	2	5.16273E-8	0.000046
617	2	5.16273E-8	0.000046
618	2	5.16273E-8	0.000046
620	3	7.7441E-8	0.000046
621	1	2.58137E-8	0.000046
622	1	2.58137E-8	0.000046
623	3	7.7441E-8	0.000046
624	3	7.7441E-8	0.000045
627	2	5.16273E-8	0.000045
628	2	5.16273E-8	0.000045
629	1	2.58137E-8	0.000045
630	2	5.16273E-8	0.000045
631	1	2.58137E-8	0.000045
632	1	2.58137E-8	0.000045
633	3	7.7441E-8	0.000045
634	2	5.16273E-8	0.000045
635	1	2.58137E-8	0.000045
636	2	5.16273E-8	0.000045
638	1	2.58137E-8	0.000045
639	1	2.58137E-8	0.000045
640	3	7.7441E-8	0.000045
641	1	2.58137E-8	0.000045
642	1	2.58137E-8	0.000045
643	2	5.16273E-8	0.000045
644	2	5.16273E-8	0.000045
645	1	2.58137E-8	0.000045
647	2	5.16273E-8	0.000045
649	2	5.16273E-8	0.000045
651	3	7.7441E-8	0.000045
652	1	2.58137E-8	0.000044
653	2	5.16273E-8	0.000044
656	1	2.58137E-8	0.000044
657	3	7.7441E-8	0.000044
658	1	2.58137E-8	0.000044
659	1	2.58137E-8	0.000044
660	4	1.03255E-7	0.000044
662	1	2.58137E-8	0.000044
663	3	7.7441E-8	0.000044
664	2	5.16273E-8	0.000044
665	2	5.16273E-8	0.000044
666	3	7.7441E-8	0.000044
671	2	5.16273E-8	0.000044
672	2	5.16273E-8	0.000044
673	4	1.03255E-7	0.000044
675	1	2.58137E-8	0.000044
676	1	2.58137E-8	0.000044
678	2	5.16273E-8	0.000044
679	2	5.16273E-8	0.000044
683	2	5.16273E-8	0.000043
684	1	2.58137E-8	0.000043
685	2	5.16273E-8	0.000043
687	1	2.58137E-8	0.000043
688	2	5.16273E-8	0.000043
690	2	5.16273E-8	0.000043
691	2	5.16273E-8	0.000043
694	3	7.7441E-8	0.000043
695	3	7.7441E-8	0.000043
696	3	7.7441E-8	0.000043
698	1	2.58137E-8	0.000043
699	1	2.58137E-8	0.000043
700	1	2.58137E-8	0.000043
701	2	5.16273E-8	0.000043
702	2	5.16273E-8	0.000043
703	3	7.7441E-8	0.000043
705	1	2.58137E-8	0.000043
706	1	2.58137E-8	0.000043
708	1	2.58137E-8	0.000043
709	2	5.16273E-8	0.000043
710	3	7.7441E-8	0.000043
711	1	2.58137E-8	0.000042
712	2	5.16273E-8	0.000042
713	1	2.58137E-8	0.000042
714	1	2.58137E-8	0.000042
715	2	5.16273E-8	0.000042
716	3	7.7441E-8	0.000042
718	3	7.7441E-8	0.000042
720	1	2.58137E-8	0.000042
721	1	2.58137E-8	0.000042
722	1	2.58137E-8	0.000042
723	1	2.58137E-8	0.000042
724	2	5.16273E-8	0.000042
725	1	2.58137E-8	0.000042
726	1	2.58137E-8	0.000042
727	1	2.58137E-8	0.000042
729	1	2.58137E-8	0.000042
730	4	1.03255E-7	0.000042
731	4	1.03255E-7	0.000042
733	2	5.16273E-8	0.000042
734	2	5.16273E-8	0.000042
735	3	7.7441E-8	0.000042
738	1	2.58137E-8	0.000042
739	1	2.58137E-8	0.000041
740	1	2.58137E-8	0.000041
741	1	2.58137E-8	0.000041
742	1	2.58137E-8	0.000041
743	1	2.58137E-8	0.000041
744	1	2.58137E-8	0.000041
746	2	5.16273E-8	0.000041
747	1	2.58137E-8	0.000041
748	1	2.58137E-8	0.000041
749	1	2.58137E-8	0.000041
751	3	7.7441E-8	0.000041
752	3	7.7441E-8	0.000041
753	1	2.58137E-8	0.000041
755	1	2.58137E-8	0.000041
757	3	7.7441E-8	0.000041
758	1	2.58137E-8	0.000041
761	1	2.58137E-8	0.000041
762	1	2.58137E-8	0.000041
763	1	2.58137E-8	0.000041
764	7	1.80696E-7	0.000041
768	1	2.58137E-8	0.000041
770	1	2.58137E-8	0.000041
771	1	2.58137E-8	0.000041
772	1	2.58137E-8	0.000041
773	1	2.58137E-8	0.000041
777	2	5.16273E-8	0.000041
778	1	2.58137E-8	0.00004
780	2	5.16273E-8	0.00004
781	1	2.58137E-8	0.00004
783	2	5.16273E-8	0.00004
784	2	5.16273E-8	0.00004
785	1	2.58137E-8	0.00004
786	1	2.58137E-8	0.00004
787	3	7.7441E-8	0.00004
788	2	5.16273E-8	0.00004
789	1	2.58137E-8	0.00004
790	1	2.58137E-8	0.00004
792	1	2.58137E-8	0.00004
793	1	2.58137E-8	0.00004
794	3	7.7441E-8	0.00004
795	4	1.03255E-7	0.00004
796	1	2.58137E-8	0.00004
797	3	7.7441E-8	0.00004
798	1	2.58137E-8	0.00004
799	1	2.58137E-8	0.00004
800	2	5.16273E-8	0.00004
801	1	2.58137E-8	0.00004
802	1	2.58137E-8	0.00004
803	2	5.16273E-8	0.00004
804	1	2.58137E-8	0.000039
806	1	2.58137E-8	0.000039
808	1	2.58137E-8	0.000039
809	1	2.58137E-8	0.000039
810	2	5.16273E-8	0.000039
813	1	2.58137E-8	0.000039
814	1	2.58137E-8	0.000039
816	1	2.58137E-8	0.000039
817	2	5.16273E-8	0.000039
818	1	2.58137E-8	0.000039
819	1	2.58137E-8	0.000039
820	2	5.16273E-8	0.000039
821	1	2.58137E-8	0.000039
822	5	1.29068E-7	0.000039
823	2	5.16273E-8	0.000039
825	1	2.58137E-8	0.000039
827	1	2.58137E-8	0.000039
828	1	2.58137E-8	0.000039
829	2	5.16273E-8	0.000039
830	2	5.16273E-8	0.000039
831	3	7.7441E-8	0.000039
833	2	5.16273E-8	0.000039
834	2	5.16273E-8	0.000039
835	1	2.58137E-8	0.000039
836	2	5.16273E-8	0.000038
837	3	7.7441E-8	0.000038
838	2	5.16273E-8	0.000038
839	1	2.58137E-8	0.000038
841	1	2.58137E-8	0.000038
842	3	7.7441E-8	0.000038
843	2	5.16273E-8	0.000038
844	1	2.58137E-8	0.000038
847	1	2.58137E-8	0.000038
848	2	5.16273E-8	0.000038
849	2	5.16273E-8	0.000038
850	1	2.58137E-8	0.000038
851	2	5.16273E-8	0.000038
859	2	5.16273E-8	0.000038
860	1	2.58137E-8	0.000038
861	1	2.58137E-8	0.000038
863	2	5.16273E-8	0.000038
864	2	5.16273E-8	0.000038
865	3	7.7441E-8	0.000038
867	1	2.58137E-8	0.000038
868	1	2.58137E-8	0.000038
869	2	5.16273E-8	0.000038
870	1	2.58137E-8	0.000038
873	1	2.58137E-8	0.000037
874	1	2.58137E-8	0.000037
877	1	2.58137E-8	0.000037
879	2	5.16273E-8	0.000037
880	2	5.16273E-8	0.000037
881	1	2.58137E-8	0.000037
885	1	2.58137E-8	0.000037
886	1	2.58137E-8	0.000037
887	3	7.7441E-8	0.000037
888	1	2.58137E-8	0.000037
889	1	2.58137E-8	0.000037
890	1	2.58137E-8	0.000037
892	1	2.58137E-8	0.000037
897	1	2.58137E-8	0.000037
898	3	7.7441E-8	0.000037
899	1	2.58137E-8	0.000037
900	1	2.58137E-8	0.000037
901	1	2.58137E-8	0.000037
902	3	7.7441E-8	0.000037
904	2	5.16273E-8	0.000037
908	2	5.16273E-8	0.000037
909	2	5.16273E-8	0.000037
911	3	7.7441E-8	0.000037
913	3	7.7441E-8	0.000037
914	1	2.58137E-8	0.000036
915	2	5.16273E-8	0.000036
918	1	2.58137E-8	0.000036
919	1	2.58137E-8	0.000036
922	1	2.58137E-8	0.000036
929	1	2.58137E-8	0.000036
930	1	2.58137E-8	0.000036
932	1	2.58137E-8	0.000036
934	2	5.16273E-8	0.000036
936	2	5.16273E-8	0.000036
939	1	2.58137E-8	0.000036
940	2	5.16273E-8	0.000036
942	4	1.03255E-7	0.000036
943	1	2.58137E-8	0.000036
944	1	2.58137E-8	0.000036
947	1	2.58137E-8	0.000036
949	1	2.58137E-8	0.000036
950	1	2.58137E-8	0.000036
952	1	2.58137E-8	0.000036
953	2	5.16273E-8	0.000036
954	2	5.16273E-8	0.000036
955	2	5.16273E-8	0.000036
956	1	2.58137E-8	0.000036
958	1	2.58137E-8	0.000036
959	1	2.58137E-8	0.000036
961	1	2.58137E-8	0.000036
962	4	1.03255E-7	0.000036
966	1	2.58137E-8	0.000035
967	1	2.58137E-8	0.000035
968	1	2.58137E-8	0.000035
969	1	2.58137E-8	0.000035
970	1	2.58137E-8	0.000035
972	1	2.58137E-8	0.000035
974	1	2.58137E-8	0.000035
975	1	2.58137E-8	0.000035
976	2	5.16273E-8	0.000035
979	1	2.58137E-8	0.000035
980	1	2.58137E-8	0.000035
981	1	2.58137E-8	0.000035
982	1	2.58137E-8	0.000035
983	2	5.16273E-8	0.000035
985	2	5.16273E-8	0.000035
986	1	2.58137E-8	0.000035
989	1	2.58137E-8	0.000035
990	1	2.58137E-8	0.000035
991	1	2.58137E-8	0.000035
992	1	2.58137E-8	0.000035
998	3	7.7441E-8	0.000035
999	2	5.16273E-8	0.000035
1001	1	2.58137E-8	0.000035
1003	3	7.7441E-8	0.000035
1005	1	2.58137E-8	0.000035
1006	1	2.58137E-8	0.000035
1007	1	2.58137E-8	0.000035
1008	2	5.16273E-8	0.000035
1009	2	5.16273E-8	0.000034
1010	3	7.7441E-8	0.000034
1011	1	2.58137E-8	0.000034
1012	1	2.58137E-8	0.000034
1013	1	2.58137E-8	0.000034
1014	2	5.16273E-8	0.000034
1015	2	5.16273E-8	0.000034
1017	1	2.58137E-8	0.000034
1018	3	7.7441E-8	0.000034
1020	2	5.16273E-8	0.000034
1021	1	2.58137E-8	0.000034
1022	2	5.16273E-8	0.000034
1023	2	5.16273E-8	0.000034
1025	1	2.58137E-8	0.000034
1026	1	2.58137E-8	0.000034
1030	2	5.16273E-8	0.000034
1036	1	2.58137E-8	0.000034
1037	2	5.16273E-8	0.000034
1047	1	2.58137E-8	0.000034
1052	1	2.58137E-8	0.000034
1053	1	2.58137E-8	0.000034
1054	1	2.58137E-8	0.000034
1056	2	5.16273E-8	0.000034
1058	1	2.58137E-8	0.000034
1060	2	5.16273E-8	0.000034
1061	1	2.58137E-8	0.000033
1062	1	2.58137E-8	0.000033
1064	2	5.16273E-8	0.000033
1065	2	5.16273E-8	0.000033
1066	1	2.58137E-8	0.000033
1067	2	5.16273E-8	0.000033
1068	3	7.7441E-8	0.000033
1069	1	2.58137E-8	0.000033
1070	3	7.7441E-8	0.000033
1072	2	5.16273E-8	0.000033
1074	1	2.58137E-8	0.000033
1075	1	2.58137E-8	0.000033
1078	1	2.58137E-8	0.000033
1079	1	2.58137E-8	0.000033
1082	1	2.58137E-8	0.000033
1083	1	2.58137E-8	0.000033
1086	1	2.58137E-8	0.000033
1090	2	5.16273E-8	0.000033
1091	3	7.7441E-8	0.000033
1092	2	5.16273E-8	0.000033
1093	1	2.58137E-8	0.000033
1094	1	2.58137E-8	0.000033
1095	1	2.58137E-8	0.000033
1097	1	2.58137E-8	0.000033
1098	3	7.7441E-8	0.000033
1100	1	2.58137E-8	0.000032
1103	1	2.58137E-8	0.000032
1105	1	2.58137E-8	0.000032
1109	1	2.58137E-8	0.000032
1110	2	5.16273E-8	0.000032
1111	1	2.58137E-8	0.000032
1112	1	2.58137E-8	0.000032
1113	1	2.58137E-8	0.000032
1114	1	2.58137E-8	0.000032
1117	2	5.16273E-8	0.000032
1118	1	2.58137E-8	0.000032
1119	1	2.58137E-8	0.000032
1124	2	5.16273E-8	0.000032
1125	1	2.58137E-8	0.000032
1126	1	2.58137E-8	0.000032
1127	3	7.7441E-8	0.000032
1130	2	5.16273E-8	0.000032
1133	1	2.58137E-8	0.000032
1137	3	7.7441E-8	0.000032
1138	1	2.58137E-8	0.000032
1141	1	2.58137E-8	0.000032
1142	1	2.58137E-8	0.000032
1147	1	2.58137E-8	0.000032
1148	1	2.58137E-8	0.000032
1149	1	2.58137E-8	0.000032
1150	1	2.58137E-8	0.000032
1153	2	5.16273E-8	0.000032
1155	1	2.58137E-8	0.000032
1156	1	2.58137E-8	0.000032
1157	1	2.58137E-8	0.000031
1159	1	2.58137E-8	0.000031
1161	1	2.58137E-8	0.000031
1163	1	2.58137E-8	0.000031
1165	1	2.58137E-8	0.000031
1167	2	5.16273E-8	0.000031
1168	2	5.16273E-8	0.000031
1170	1	2.58137E-8	0.000031
1171	2	5.16273E-8	0.000031
1173	1	2.58137E-8	0.000031
1175	3	7.7441E-8	0.000031
1180	1	2.58137E-8	0.000031
1181	1	2.58137E-8	0.000031
1182	1	2.58137E-8	0.000031
1186	1	2.58137E-8	0.000031
1188	2	5.16273E-8	0.000031
1189	1	2.58137E-8	0.000031
1190	1	2.58137E-8	0.000031
1192	1	2.58137E-8	0.000031
1193	1	2.58137E-8	0.000031
1194	2	5.16273E-8	0.000031
1196	2	5.16273E-8	0.000031
1202	2	5.16273E-8	0.000031
1203	2	5.16273E-8	0.000031
1204	2	5.16273E-8	0.000031
1208	1	2.58137E-8	0.000031
1210	1	2.58137E-8	0.000031
1211	1	2.58137E-8	0.000031
1212	1	2.58137E-8	0.00003
1213	1	2.58137E-8	0.00003
1216	1	2.58137E-8	0.00003
1219	2	5.16273E-8	0.00003
1221	1	2.58137E-8	0.00003
1225	2	5.16273E-8	0.00003
1228	1	2.58137E-8	0.00003
1231	1	2.58137E-8	0.00003
1233	1	2.58137E-8	0.00003
1235	1	2.58137E-8	0.00003
1236	1	2.58137E-8	0.00003
1238	2	5.16273E-8	0.00003
1241	2	5.16273E-8	0.00003
1242	1	2.58137E-8	0.00003
1243	1	2.58137E-8	0.00003
1244	1	2.58137E-8	0.00003
1247	1	2.58137E-8	0.00003
1248	1	2.58137E-8	0.00003
1249	1	2.58137E-8	0.00003
1250	1	2.58137E-8	0.00003
1251	2	5.16273E-8	0.00003
1253	2	5.16273E-8	0.00003
1257	2	5.16273E-8	0.00003
1258	1	2.58137E-8	0.00003
1262	2	5.16273E-8	0.00003
1263	1	2.58137E-8	0.00003
1265	2	5.16273E-8	0.00003
1267	2	5.16273E-8	0.00003
1268	1	2.58137E-8	0.00003
1270	1	2.58137E-8	0.000029
1272	1	2.58137E-8	0.000029
1273	1	2.58137E-8	0.000029
1275	2	5.16273E-8	0.000029
1281	2	5.16273E-8	0.000029
1284	1	2.58137E-8	0.000029
1286	1	2.58137E-8	0.000029
1289	2	5.16273E-8	0.000029
1292	2	5.16273E-8	0.000029
1294	1	2.58137E-8	0.000029
1295	2	5.16273E-8	0.000029
1296	1	2.58137E-8	0.000029
1298	2	5.16273E-8	0.000029
1300	1	2.58137E-8	0.000029
1303	1	2.58137E-8	0.000029
1305	2	5.16273E-8	0.000029
1306	1	2.58137E-8	0.000029
1307	1	2.58137E-8	0.000029
1310	1	2.58137E-8	0.000029
1311	1	2.58137E-8	0.000029
1312	2	5.16273E-8	0.000029
1315	1	2.58137E-8	0.000029
1316	1	2.58137E-8	0.000029
1317	1	2.58137E-8	0.000029
1318	2	5.16273E-8	0.000029
1321	1	2.58137E-8	0.000029
1322	1	2.58137E-8	0.000029
1323	2	5.16273E-8	0.000029
1326	1	2.58137E-8	0.000028
1330	1	2.58137E-8	0.000028
1331	1	2.58137E-8	0.000028
1332	1	2.58137E-8	0.000028
1333	2	5.16273E-8	0.000028
1336	2	5.16273E-8	0.000028
1338	1	2.58137E-8	0.000028
1340	2	5.16273E-8	0.000028
1343	1	2.58137E-8	0.000028
1345	2	5.16273E-8	0.000028
1346	1	2.58137E-8	0.000028
1348	2	5.16273E-8	0.000028
1349	1	2.58137E-8	0.000028
1352	1	2.58137E-8	0.000028
1354	1	2.58137E-8	0.000028
1355	1	2.58137E-8	0.000028
1356	1	2.58137E-8	0.000028
1357	1	2.58137E-8	0.000028
1360	1	2.58137E-8	0.000028
1361	1	2.58137E-8	0.000028
1362	2	5.16273E-8	0.000028
1363	1	2.58137E-8	0.000028
1364	1	2.58137E-8	0.000028
1366	1	2.58137E-8	0.000028
1370	1	2.58137E-8	0.000028
1373	2	5.16273E-8	0.000028
1374	1	2.58137E-8	0.000028
1375	1	2.58137E-8	0.000028
1377	1	2.58137E-8	0.000028
1378	1	2.58137E-8	0.000028
1383	1	2.58137E-8	0.000028
1386	1	2.58137E-8	0.000028
1387	1	2.58137E-8	0.000027
1390	1	2.58137E-8	0.000027
1391	1	2.58137E-8	0.000027
1393	3	7.7441E-8	0.000027
1395	1	2.58137E-8	0.000027
1399	1	2.58137E-8	0.000027
1400	1	2.58137E-8	0.000027
1402	1	2.58137E-8	0.000027
1403	2	5.16273E-8	0.000027
1405	3	7.7441E-8	0.000027
1413	1	2.58137E-8	0.000027
1414	1	2.58137E-8	0.000027
1415	2	5.16273E-8	0.000027
1417	1	2.58137E-8	0.000027
1419	2	5.16273E-8	0.000027
1422	1	2.58137E-8	0.000027
1424	1	2.58137E-8	0.000027
1427	2	5.16273E-8	0.000027
1428	1	2.58137E-8	0.000027
1429	2	5.16273E-8	0.000027
1430	2	5.16273E-8	0.000027
1431	1	2.58137E-8	0.000027
1435	1	2.58137E-8	0.000027
1442	1	2.58137E-8	0.000027
1443	1	2.58137E-8	0.000027
1444	2	5.16273E-8	0.000027
1445	1	2.58137E-8	0.000027
1446	1	2.58137E-8	0.000027
1447	1	2.58137E-8	0.000026
1452	1	2.58137E-8	0.000026
1453	1	2.58137E-8	0.000026
1454	1	2.58137E-8	0.000026
1456	1	2.58137E-8	0.000026
1459	1	2.58137E-8	0.000026
1460	1	2.58137E-8	0.000026
1462	1	2.58137E-8	0.000026
1463	2	5.16273E-8	0.000026
1464	2	5.16273E-8	0.000026
1466	1	2.58137E-8	0.000026
1471	1	2.58137E-8	0.000026
1477	1	2.58137E-8	0.000026
1479	1	2.58137E-8	0.000026
1482	1	2.58137E-8	0.000026
1489	1	2.58137E-8	0.000026
1501	1	2.58137E-8	0.000026
1502	1	2.58137E-8	0.000026
1503	1	2.58137E-8	0.000026
1504	1	2.58137E-8	0.000026
1506	1	2.58137E-8	0.000026
1507	1	2.58137E-8	0.000026
1509	1	2.58137E-8	0.000026
1510	2	5.16273E-8	0.000026
1515	1	2.58137E-8	0.000026
1517	1	2.58137E-8	0.000026
1520	1	2.58137E-8	0.000026
1523	2	5.16273E-8	0.000026
1525	1	2.58137E-8	0.000026
1528	1	2.58137E-8	0.000026
1530	1	2.58137E-8	0.000026
1531	1	2.58137E-8	0.000026
1535	1	2.58137E-8	0.000026
1539	1	2.58137E-8	0.000026
1540	1	2.58137E-8	0.000026
1542	1	2.58137E-8	0.000025
1543	2	5.16273E-8	0.000025
1545	2	5.16273E-8	0.000025
1547	2	5.16273E-8	0.000025
1557	1	2.58137E-8	0.000025
1560	1	2.58137E-8	0.000025
1563	1	2.58137E-8	0.000025
1565	1	2.58137E-8	0.000025
1566	1	2.58137E-8	0.000025
1571	3	7.7441E-8	0.000025
1572	1	2.58137E-8	0.000025
1577	1	2.58137E-8	0.000025
1578	2	5.16273E-8	0.000025
1579	1	2.58137E-8	0.000025
1582	1	2.58137E-8	0.000025
1584	2	5.16273E-8	0.000025
1585	1	2.58137E-8	0.000025
1586	1	2.58137E-8	0.000025
1590	1	2.58137E-8	0.000025
1591	1	2.58137E-8	0.000025
1597	2	5.16273E-8	0.000025
1599	1	2.58137E-8	0.000025
1600	1	2.58137E-8	0.000025
1606	1	2.58137E-8	0.000025
1609	1	2.58137E-8	0.000025
1610	1	2.58137E-8	0.000025
1611	2	5.16273E-8	0.000025
1612	1	2.58137E-8	0.000025
1617	4	1.03255E-7	0.000025
1622	2	5.16273E-8	0.000024
1626	1	2.58137E-8	0.000024
1627	1	2.58137E-8	0.000024
1628	1	2.58137E-8	0.000024
1629	3	7.7441E-8	0.000024
1630	1	2.58137E-8	0.000024
1632	1	2.58137E-8	0.000024
1635	1	2.58137E-8	0.000024
1636	1	2.58137E-8	0.000024
1640	2	5.16273E-8	0.000024
1641	1	2.58137E-8	0.000024
1643	1	2.58137E-8	0.000024
1645	1	2.58137E-8	0.000024
1655	1	2.58137E-8	0.000024
1662	2	5.16273E-8	0.000024
1664	1	2.58137E-8	0.000024
1672	1	2.58137E-8	0.000024
1675	1	2.58137E-8	0.000024
1676	1	2.58137E-8	0.000024
1677	1	2.58137E-8	0.000024
1678	1	2.58137E-8	0.000024
1686	1	2.58137E-8	0.000024
1692	1	2.58137E-8	0.000024
1695	1	2.58137E-8	0.000024
1698	1	2.58137E-8	0.000024
1701	2	5.16273E-8	0.000024
1706	1	2.58137E-8	0.000024
1708	1	2.58137E-8	0.000024
1710	1	2.58137E-8	0.000024
1711	2	5.16273E-8	0.000024
1714	2	5.16273E-8	0.000023
1718	1	2.58137E-8	0.000023
1719	1	2.58137E-8	0.000023
1720	2	5.16273E-8	0.000023
1721	1	2.58137E-8	0.000023
1722	1	2.58137E-8	0.000023
1723	2	5.16273E-8	0.000023
1724	1	2.58137E-8	0.000023
1725	1	2.58137E-8	0.000023
1730	1	2.58137E-8	0.000023
1733	1	2.58137E-8	0.000023
1737	1	2.58137E-8	0.000023
1740	2	5.16273E-8	0.000023
1743	1	2.58137E-8	0.000023
1746	1	2.58137E-8	0.000023
1748	1	2.58137E-8	0.000023
1750	1	2.58137E-8	0.000023
1752	1	2.58137E-8	0.000023
1753	1	2.58137E-8	0.000023
1757	1	2.58137E-8	0.000023
1759	1	2.58137E-8	0.000023
1765	1	2.58137E-8	0.000023
1769	2	5.16273E-8	0.000023
1772	1	2.58137E-8	0.000023
1773	1	2.58137E-8	0.000023
1774	2	5.16273E-8	0.000023
1776	2	5.16273E-8	0.000023
1777	1	2.58137E-8	0.000023
1778	1	2.58137E-8	0.000023
1779	1	2.58137E-8	0.000023
1782	1	2.58137E-8	0.000023
1784	1	2.58137E-8	0.000022
1788	1	2.58137E-8	0.000022
1791	2	5.16273E-8	0.000022
1794	2	5.16273E-8	0.000022
1800	1	2.58137E-8	0.000022
1801	1	2.58137E-8	0.000022
1806	1	2.58137E-8	0.000022
1808	1	2.58137E-8	0.000022
1810	1	2.58137E-8	0.000022
1818	1	2.58137E-8	0.000022
1820	1	2.58137E-8	0.000022
1826	2	5.16273E-8	0.000022
1827	1	2.58137E-8	0.000022
1828	1	2.58137E-8	0.000022
1836	1	2.58137E-8	0.000022
1841	3	7.7441E-8	0.000022
1846	1	2.58137E-8	0.000022
1847	1	2.58137E-8	0.000022
1849	1	2.58137E-8	0.000022
1851	1	2.58137E-8	0.000022
1859	1	2.58137E-8	0.000022
1860	1	2.58137E-8	0.000022
1862	1	2.58137E-8	0.000022
1869	1	2.58137E-8	0.000022
1870	1	2.58137E-8	0.000022
1876	1	2.58137E-8	0.000022
1883	1	2.58137E-8	0.000022
1884	1	2.58137E-8	0.000022
1889	1	2.58137E-8	0.000022
1890	1	2.58137E-8	0.000022
1895	1	2.58137E-8	0.000022
1897	1	2.58137E-8	0.000022
1905	1	2.58137E-8	0.000022
1909	1	2.58137E-8	0.000022
1912	1	2.58137E-8	0.000021
1915	2	5.16273E-8	0.000021
1917	1	2.58137E-8	0.000021
1921	1	2.58137E-8	0.000021
1923	1	2.58137E-8	0.000021
1932	1	2.58137E-8	0.000021
1933	1	2.58137E-8	0.000021
1939	1	2.58137E-8	0.000021
1940	1	2.58137E-8	0.000021
1941	2	5.16273E-8	0.000021
1945	1	2.58137E-8	0.000021
1952	2	5.16273E-8	0.000021
1953	1	2.58137E-8	0.000021
1954	1	2.58137E-8	0.000021
1956	1	2.58137E-8	0.000021
1958	1	2.58137E-8	0.000021
1959	1	2.58137E-8	0.000021
1960	1	2.58137E-8	0.000021
1964	1	2.58137E-8	0.000021
1967	1	2.58137E-8	0.000021
1972	1	2.58137E-8	0.000021
1973	1	2.58137E-8	0.000021
1974	1	2.58137E-8	0.000021
1975	1	2.58137E-8	0.000021
1977	2	5.16273E-8	0.000021
1979	2	5.16273E-8	0.000021
1980	1	2.58137E-8	0.000021
1984	1	2.58137E-8	0.000021
1986	1	2.58137E-8	0.000021
1987	1	2.58137E-8	0.000021
1991	1	2.58137E-8	0.000021
1993	1	2.58137E-8	0.000021
1996	1	2.58137E-8	0.000021
1997	1	2.58137E-8	0.00002
1998	1	2.58137E-8	0.00002
2001	1	2.58137E-8	0.00002
2002	3	7.7441E-8	0.00002
2003	1	2.58137E-8	0.00002
2008	1	2.58137E-8	0.00002
2009	1	2.58137E-8	0.00002
2010	2	5.16273E-8	0.00002
2011	2	5.16273E-8	0.00002
2012	2	5.16273E-8	0.00002
2014	1	2.58137E-8	0.00002
2022	1	2.58137E-8	0.00002
2024	1	2.58137E-8	0.00002
2026	2	5.16273E-8	0.00002
2030	1	2.58137E-8	0.00002
2031	1	2.58137E-8	0.00002
2033	1	2.58137E-8	0.00002
2036	2	5.16273E-8	0.00002
2043	2	5.16273E-8	0.00002
2044	2	5.16273E-8	0.00002
2050	1	2.58137E-8	0.00002
2054	1	2.58137E-8	0.00002
2060	2	5.16273E-8	0.00002
2061	1	2.58137E-8	0.00002
2070	2	5.16273E-8	0.00002
2071	1	2.58137E-8	0.00002
2072	1	2.58137E-8	0.00002
2076	3	7.7441E-8	0.00002
2079	1	2.58137E-8	0.000019
2085	1	2.58137E-8	0.000019
2089	1	2.58137E-8	0.000019
2094	1	2.58137E-8	0.000019
2096	1	2.58137E-8	0.000019
2100	1	2.58137E-8	0.000019
2104	1	2.58137E-8	0.000019
2105	1	2.58137E-8	0.000019
2110	1	2.58137E-8	0.000019
2114	1	2.58137E-8	0.000019
2119	2	5.16273E-8	0.000019
2120	2	5.16273E-8	0.000019
2121	2	5.16273E-8	0.000019
2126	1	2.58137E-8	0.000019
2129	1	2.58137E-8	0.000019
2131	1	2.58137E-8	0.000019
2135	1	2.58137E-8	0.000019
2138	1	2.58137E-8	0.000019
2140	1	2.58137E-8	0.000019
2144	1	2.58137E-8	0.000019
2145	1	2.58137E-8	0.000019
2149	2	5.16273E-8	0.000019
2156	2	5.16273E-8	0.000019
2163	1	2.58137E-8	0.000019
2169	1	2.58137E-8	0.000019
2170	1	2.58137E-8	0.000019
2176	1	2.58137E-8	0.000019
2178	1	2.58137E-8	0.000019
2182	1	2.58137E-8	0.000019
2183	1	2.58137E-8	0.000019
2186	1	2.58137E-8	0.000019
2195	1	2.58137E-8	0.000019
2197	1	2.58137E-8	0.000018
2201	3	7.7441E-8	0.000018
2202	1	2.58137E-8	0.000018
2205	1	2.58137E-8	0.000018
2208	1	2.58137E-8	0.000018
2211	1	2.58137E-8	0.000018
2214	1	2.58137E-8	0.000018
2220	1	2.58137E-8	0.000018
2221	1	2.58137E-8	0.000018
2222	1	2.58137E-8	0.000018
2223	1	2.58137E-8	0.000018
2226	1	2.58137E-8	0.000018
2228	1	2.58137E-8	0.000018
2229	1	2.58137E-8	0.000018
2232	1	2.58137E-8	0.000018
2233	1	2.58137E-8	0.000018
2236	1	2.58137E-8	0.000018
2242	2	5.16273E-8	0.000018
2243	1	2.58137E-8	0.000018
2246	1	2.58137E-8	0.000018
2249	1	2.58137E-8	0.000018
2253	1	2.58137E-8	0.000018
2262	1	2.58137E-8	0.000018
2267	1	2.58137E-8	0.000018
2271	1	2.58137E-8	0.000018
2280	1	2.58137E-8	0.000018
2283	1	2.58137E-8	0.000018
2294	1	2.58137E-8	0.000018
2300	1	2.58137E-8	0.000018
2309	1	2.58137E-8	0.000018
2312	1	2.58137E-8	0.000018
2313	1	2.58137E-8	0.000018
2317	1	2.58137E-8	0.000018
2318	1	2.58137E-8	0.000018
2323	1	2.58137E-8	0.000018
2332	1	2.58137E-8	0.000018
2349	1	2.58137E-8	0.000017
2350	1	2.58137E-8	0.000017
2351	1	2.58137E-8	0.000017
2355	1	2.58137E-8	0.000017
2357	1	2.58137E-8	0.000017
2361	1	2.58137E-8	0.000017
2363	1	2.58137E-8	0.000017
2364	2	5.16273E-8	0.000017
2369	2	5.16273E-8	0.000017
2386	1	2.58137E-8	0.000017
2387	1	2.58137E-8	0.000017
2388	1	2.58137E-8	0.000017
2390	1	2.58137E-8	0.000017
2395	1	2.58137E-8	0.000017
2403	1	2.58137E-8	0.000017
2408	1	2.58137E-8	0.000017
2410	2	5.16273E-8	0.000017
2413	1	2.58137E-8	0.000017
2415	1	2.58137E-8	0.000017
2419	1	2.58137E-8	0.000017
2426	1	2.58137E-8	0.000017
2427	1	2.58137E-8	0.000017
2434	2	5.16273E-8	0.000017
2438	1	2.58137E-8	0.000017
2439	1	2.58137E-8	0.000017
2451	1	2.58137E-8	0.000017
2452	2	5.16273E-8	0.000017
2472	1	2.58137E-8	0.000017
2480	2	5.16273E-8	0.000017
2492	1	2.58137E-8	0.000017
2503	1	2.58137E-8	0.000017
2505	1	2.58137E-8	0.000017
2510	1	2.58137E-8	0.000016
2518	1	2.58137E-8	0.000016
2519	1	2.58137E-8	0.000016
2523	1	2.58137E-8	0.000016
2527	1	2.58137E-8	0.000016
2529	2	5.16273E-8	0.000016
2531	2	5.16273E-8	0.000016
2538	1	2.58137E-8	0.000016
2540	1	2.58137E-8	0.000016
2545	1	2.58137E-8	0.000016
2553	1	2.58137E-8	0.000016
2561	1	2.58137E-8	0.000016
2569	2	5.16273E-8	0.000016
2571	1	2.58137E-8	0.000016
2579	1	2.58137E-8	0.000016
2583	1	2.58137E-8	0.000016
2594	1	2.58137E-8	0.000016
2595	1	2.58137E-8	0.000016
2596	2	5.16273E-8	0.000016
2600	1	2.58137E-8	0.000016
2602	1	2.58137E-8	0.000016
2604	1	2.58137E-8	0.000016
2605	1	2.58137E-8	0.000016
2607	1	2.58137E-8	0.000016
2608	1	2.58137E-8	0.000016
2614	1	2.58137E-8	0.000016
2623	1	2.58137E-8	0.000016
2626	1	2.58137E-8	0.000016
2629	1	2.58137E-8	0.000016
2636	1	2.58137E-8	0.000016
2649	1	2.58137E-8	0.000016
2662	1	2.58137E-8	0.000016
2667	1	2.58137E-8	0.000016
2670	1	2.58137E-8	0.000016
2673	2	5.16273E-8	0.000016
2678	2	5.16273E-8	0.000015
2696	2	5.16273E-8	0.000015
2697	1	2.58137E-8	0.000015
2700	1	2.58137E-8	0.000015
2702	1	2.58137E-8	0.000015
2706	1	2.58137E-8	0.000015
2713	1	2.58137E-8	0.000015
2716	2	5.16273E-8	0.000015
2717	1	2.58137E-8	0.000015
2718	1	2.58137E-8	0.000015
2725	1	2.58137E-8	0.000015
2730	1	2.58137E-8	0.000015
2731	1	2.58137E-8	0.000015
2733	1	2.58137E-8	0.000015
2734	1	2.58137E-8	0.000015
2744	1	2.58137E-8	0.000015
2749	1	2.58137E-8	0.000015
2751	1	2.58137E-8	0.000015
2758	1	2.58137E-8	0.000015
2762	1	2.58137E-8	0.000015
2763	1	2.58137E-8	0.000015
2764	1	2.58137E-8	0.000015
2777	1	2.58137E-8	0.000015
2784	1	2.58137E-8	0.000015
2786	2	5.16273E-8	0.000015
2790	2	5.16273E-8	0.000015
2806	1	2.58137E-8	0.000015
2826	1	2.58137E-8	0.000015
2832	1	2.58137E-8	0.000015
2841	1	2.58137E-8	0.000015
2844	1	2.58137E-8	0.000015
2850	1	2.58137E-8	0.000015
2857	1	2.58137E-8	0.000015
2859	1	2.58137E-8	0.000014
2861	1	2.58137E-8	0.000014
2873	1	2.58137E-8	0.000014
2876	1	2.58137E-8	0.000014
2879	1	2.58137E-8	0.000014
2881	2	5.16273E-8	0.000014
2883	1	2.58137E-8	0.000014
2901	1	2.58137E-8	0.000014
2904	1	2.58137E-8	0.000014
2918	1	2.58137E-8	0.000014
2919	1	2.58137E-8	0.000014
2920	1	2.58137E-8	0.000014
2927	1	2.58137E-8	0.000014
2931	1	2.58137E-8	0.000014
2943	1	2.58137E-8	0.000014
2945	1	2.58137E-8	0.000014
2961	1	2.58137E-8	0.000014
2990	2	5.16273E-8	0.000014
2991	1	2.58137E-8	0.000014
2994	1	2.58137E-8	0.000014
2996	1	2.58137E-8	0.000014
3003	1	2.58137E-8	0.000014
3004	1	2.58137E-8	0.000014
3005	1	2.58137E-8	0.000014
3009	1	2.58137E-8	0.000014
3014	1	2.58137E-8	0.000014
3019	1	2.58137E-8	0.000014
3022	1	2.58137E-8	0.000014
3024	1	2.58137E-8	0.000014
3036	1	2.58137E-8	0.000014
3042	1	2.58137E-8	0.000014
3047	1	2.58137E-8	0.000014
3058	1	2.58137E-8	0.000014
3059	1	2.58137E-8	0.000014
3065	1	2.58137E-8	0.000014
3071	2	5.16273E-8	0.000014
3072	1	2.58137E-8	0.000013
3092	1	2.58137E-8	0.000013
3096	1	2.58137E-8	0.000013
3102	2	5.16273E-8	0.000013
3117	1	2.58137E-8	0.000013
3126	1	2.58137E-8	0.000013
3130	1	2.58137E-8	0.000013
3132	1	2.58137E-8	0.000013
3138	1	2.58137E-8	0.000013
3149	1	2.58137E-8	0.000013
3158	2	5.16273E-8	0.000013
3162	2	5.16273E-8	0.000013
3166	2	5.16273E-8	0.000013
3167	1	2.58137E-8	0.000013
3174	2	5.16273E-8	0.000013
3176	1	2.58137E-8	0.000013
3188	1	2.58137E-8	0.000013
3191	1	2.58137E-8	0.000013
3194	1	2.58137E-8	0.000013
3210	1	2.58137E-8	0.000013
3214	1	2.58137E-8	0.000013
3222	1	2.58137E-8	0.000013
3227	1	2.58137E-8	0.000013
3229	1	2.58137E-8	0.000013
3232	1	2.58137E-8	0.000013
3234	1	2.58137E-8	0.000013
3242	1	2.58137E-8	0.000013
3246	1	2.58137E-8	0.000013
3254	1	2.58137E-8	0.000013
3260	1	2.58137E-8	0.000013
3263	1	2.58137E-8	0.000013
3268	1	2.58137E-8	0.000013
3271	1	2.58137E-8	0.000013
3286	1	2.58137E-8	0.000012
3295	1	2.58137E-8	0.000012
3300	1	2.58137E-8	0.000012
3307	1	2.58137E-8	0.000012
3313	1	2.58137E-8	0.000012
3319	2	5.16273E-8	0.000012
3320	1	2.58137E-8	0.000012
3324	1	2.58137E-8	0.000012
3332	1	2.58137E-8	0.000012
3339	1	2.58137E-8	0.000012
3343	1	2.58137E-8	0.000012
3347	1	2.58137E-8	0.000012
3359	1	2.58137E-8	0.000012
3365	2	5.16273E-8	0.000012
3375	1	2.58137E-8	0.000012
3379	1	2.58137E-8	0.000012
3380	2	5.16273E-8	0.000012
3381	1	2.58137E-8	0.000012
3388	1	2.58137E-8	0.000012
3393	1	2.58137E-8	0.000012
3397	1	2.58137E-8	0.000012
3400	2	5.16273E-8	0.000012
3403	1	2.58137E-8	0.000012
3412	1	2.58137E-8	0.000012
3421	1	2.58137E-8	0.000012
3425	1	2.58137E-8	0.000012
3431	1	2.58137E-8	0.000012
3433	1	2.58137E-8	0.000012
3448	1	2.58137E-8	0.000012
3466	1	2.58137E-8	0.000012
3467	1	2.58137E-8	0.000012
3473	1	2.58137E-8	0.000012
3476	1	2.58137E-8	0.000012
3479	1	2.58137E-8	0.000012
3481	2	5.16273E-8	0.000012
3484	1	2.58137E-8	0.000011
3499	1	2.58137E-8	0.000011
3517	1	2.58137E-8	0.000011
3522	1	2.58137E-8	0.000011
3526	1	2.58137E-8	0.000011
3539	1	2.58137E-8	0.000011
3540	1	2.58137E-8	0.000011
3542	1	2.58137E-8	0.000011
3545	1	2.58137E-8	0.000011
3549	1	2.58137E-8	0.000011
3552	1	2.58137E-8	0.000011
3555	1	2.58137E-8	0.000011
3560	1	2.58137E-8	0.000011
3577	1	2.58137E-8	0.000011
3595	1	2.58137E-8	0.000011
3598	2	5.16273E-8	0.000011
3627	1	2.58137E-8	0.000011
3634	2	5.16273E-8	0.000011
3639	1	2.58137E-8	0.000011
3664	1	2.58137E-8	0.000011
3671	1	2.58137E-8	0.000011
3678	1	2.58137E-8	0.000011
3685	1	2.58137E-8	0.000011
3688	1	2.58137E-8	0.000011
3694	1	2.58137E-8	0.000011
3702	1	2.58137E-8	0.000011
3709	1	2.58137E-8	0.000011
3716	1	2.58137E-8	0.000011
3717	2	5.16273E-8	0.000011
3720	1	2.58137E-8	0.000011
3721	1	2.58137E-8	0.000011
3723	1	2.58137E-8	0.000011
3753	1	2.58137E-8	0.000011
3766	1	2.58137E-8	0.000011
3768	1	2.58137E-8	0.000011
3774	1	2.58137E-8	0.00001
3775	2	5.16273E-8	0.00001
3785	1	2.58137E-8	0.00001
3787	1	2.58137E-8	0.00001
3789	1	2.58137E-8	0.00001
3795	1	2.58137E-8	0.00001
3799	1	2.58137E-8	0.00001
3801	1	2.58137E-8	0.00001
3817	1	2.58137E-8	0.00001
3822	1	2.58137E-8	0.00001
3832	1	2.58137E-8	0.00001
3835	1	2.58137E-8	0.00001
3837	1	2.58137E-8	0.00001
3871	1	2.58137E-8	0.00001
3878	1	2.58137E-8	0.00001
3882	1	2.58137E-8	0.00001
3884	1	2.58137E-8	0.00001
3886	2	5.16273E-8	0.00001
3901	1	2.58137E-8	9.96408E-6
3916	1	2.58137E-8	9.93826E-6
3919	1	2.58137E-8	9.91245E-6
3923	1	2.58137E-8	9.88664E-6
3926	1	2.58137E-8	9.86082E-6
3940	1	2.58137E-8	9.83501E-6
3966	1	2.58137E-8	9.8092E-6
3982	1	2.58137E-8	9.78338E-6
3985	1	2.58137E-8	9.75757E-6
3992	1	2.58137E-8	9.73175E-6
3994	1	2.58137E-8	9.70594E-6
3996	1	2.58137E-8	9.68013E-6
3998	1	2.58137E-8	9.65431E-6
4003	2	5.16273E-8	9.6285E-6
4004	1	2.58137E-8	9.57687E-6
4014	1	2.58137E-8	9.55106E-6
4017	1	2.58137E-8	9.52524E-6
4027	2	5.16273E-8	9.49943E-6
4030	1	2.58137E-8	9.4478E-6
4035	1	2.58137E-8	9.42199E-6
4047	1	2.58137E-8	9.39618E-6
4049	1	2.58137E-8	9.37036E-6
4059	1	2.58137E-8	9.34455E-6
4066	1	2.58137E-8	9.31874E-6
4081	1	2.58137E-8	9.29292E-6
4087	1	2.58137E-8	9.26711E-6
4099	1	2.58137E-8	9.24129E-6
4100	2	5.16273E-8	9.21548E-6
4110	1	2.58137E-8	9.16385E-6
4115	1	2.58137E-8	9.13804E-6
4118	1	2.58137E-8	9.11223E-6
4125	1	2.58137E-8	9.08641E-6
4126	1	2.58137E-8	9.0606E-6
4134	1	2.58137E-8	9.03479E-6
4146	1	2.58137E-8	9.00897E-6
4167	1	2.58137E-8	8.98316E-6
4168	1	2.58137E-8	8.95734E-6
4179	1	2.58137E-8	8.93153E-6
4181	1	2.58137E-8	8.90572E-6
4184	1	2.58137E-8	8.8799E-6
4186	1	2.58137E-8	8.85409E-6
4220	1	2.58137E-8	8.82828E-6
4223	1	2.58137E-8	8.80246E-6
4237	1	2.58137E-8	8.77665E-6
4246	1	2.58137E-8	8.75083E-6
4251	1	2.58137E-8	8.72502E-6
4260	2	5.16273E-8	8.69921E-6
4271	1	2.58137E-8	8.64758E-6
4272	1	2.58137E-8	8.62177E-6
4290	1	2.58137E-8	8.59595E-6
4297	1	2.58137E-8	8.57014E-6
4331	1	2.58137E-8	8.54433E-6
4361	1	2.58137E-8	8.51851E-6
4363	1	2.58137E-8	8.4927E-6
4370	1	2.58137E-8	8.46688E-6
4379	1	2.58137E-8	8.44107E-6
4395	1	2.58137E-8	8.41526E-6
4408	1	2.58137E-8	8.38944E-6
4412	1	2.58137E-8	8.36363E-6
4435	1	2.58137E-8	8.33782E-6
4438	1	2.58137E-8	8.312E-6
4441	1	2.58137E-8	8.28619E-6
4456	1	2.58137E-8	8.26037E-6
4466	1	2.58137E-8	8.23456E-6
4467	1	2.58137E-8	8.20875E-6
4474	1	2.58137E-8	8.18293E-6
4497	1	2.58137E-8	8.15712E-6
4510	1	2.58137E-8	8.13131E-6
4524	1	2.58137E-8	8.10549E-6
4528	1	2.58137E-8	8.07968E-6
4552	1	2.58137E-8	8.05387E-6
4557	1	2.58137E-8	8.02805E-6
4571	1	2.58137E-8	8.00224E-6
4580	1	2.58137E-8	7.97642E-6
4582	1	2.58137E-8	7.95061E-6
4604	1	2.58137E-8	7.9248E-6
4613	1	2.58137E-8	7.89898E-6
4618	1	2.58137E-8	7.87317E-6
4641	1	2.58137E-8	7.84736E-6
4646	1	2.58137E-8	7.82154E-6
4657	1	2.58137E-8	7.79573E-6
4663	1	2.58137E-8	7.76992E-6
4684	1	2.58137E-8	7.7441E-6
4705	1	2.58137E-8	7.71829E-6
4709	1	2.58137E-8	7.69247E-6
4711	1	2.58137E-8	7.66666E-6
4713	1	2.58137E-8	7.64085E-6
4733	1	2.58137E-8	7.61503E-6
4738	1	2.58137E-8	7.58922E-6
4743	1	2.58137E-8	7.56341E-6
4747	1	2.58137E-8	7.53759E-6
4751	1	2.58137E-8	7.51178E-6
4756	1	2.58137E-8	7.48596E-6
4757	2	5.16273E-8	7.46015E-6
4802	1	2.58137E-8	7.40852E-6
4805	1	2.58137E-8	7.38271E-6
4828	1	2.58137E-8	7.3569E-6
4840	1	2.58137E-8	7.33108E-6
4858	1	2.58137E-8	7.30527E-6
4867	1	2.58137E-8	7.27946E-6
4869	1	2.58137E-8	7.25364E-6
4882	1	2.58137E-8	7.22783E-6
4888	1	2.58137E-8	7.20201E-6
4895	1	2.58137E-8	7.1762E-6
4927	1	2.58137E-8	7.15039E-6
4931	1	2.58137E-8	7.12457E-6
4942	1	2.58137E-8	7.09876E-6
4945	1	2.58137E-8	7.07295E-6
4952	1	2.58137E-8	7.04713E-6
4955	1	2.58137E-8	7.02132E-6
4962	1	2.58137E-8	6.9955E-6
4968	1	2.58137E-8	6.96969E-6
4986	1	2.58137E-8	6.94388E-6
4994	1	2.58137E-8	6.91806E-6
4997	1	2.58137E-8	6.89225E-6
5003	1	2.58137E-8	6.86644E-6
5011	1	2.58137E-8	6.84062E-6
5015	2	5.16273E-8	6.81481E-6
5025	1	2.58137E-8	6.76318E-6
5040	1	2.58137E-8	6.73737E-6
5047	2	5.16273E-8	6.71155E-6
5059	1	2.58137E-8	6.65993E-6
5069	2	5.16273E-8	6.63411E-6
5093	1	2.58137E-8	6.58249E-6
5111	1	2.58137E-8	6.55667E-6
5118	1	2.58137E-8	6.53086E-6
5122	1	2.58137E-8	6.50505E-6
5163	1	2.58137E-8	6.47923E-6
5193	1	2.58137E-8	6.45342E-6
5242	2	5.16273E-8	6.4276E-6
5270	1	2.58137E-8	6.37598E-6
5306	1	2.58137E-8	6.35016E-6
5316	1	2.58137E-8	6.32435E-6
5318	1	2.58137E-8	6.29854E-6
5331	1	2.58137E-8	6.27272E-6
5369	1	2.58137E-8	6.24691E-6
5404	1	2.58137E-8	6.22109E-6
5428	1	2.58137E-8	6.19528E-6
5434	1	2.58137E-8	6.16947E-6
5449	1	2.58137E-8	6.14365E-6
5454	1	2.58137E-8	6.11784E-6
5463	1	2.58137E-8	6.09203E-6
5482	1	2.58137E-8	6.06621E-6
5490	1	2.58137E-8	6.0404E-6
5501	1	2.58137E-8	6.01459E-6
5520	1	2.58137E-8	5.98877E-6
5542	2	5.16273E-8	5.96296E-6
5577	1	2.58137E-8	5.91133E-6
5582	1	2.58137E-8	5.88552E-6
5585	2	5.16273E-8	5.8597E-6
5614	1	2.58137E-8	5.80808E-6
5631	1	2.58137E-8	5.78226E-6
5633	1	2.58137E-8	5.75645E-6
5640	1	2.58137E-8	5.73064E-6
5646	1	2.58137E-8	5.70482E-6
5654	1	2.58137E-8	5.67901E-6
5658	1	2.58137E-8	5.65319E-6
5668	1	2.58137E-8	5.62738E-6
5672	1	2.58137E-8	5.60157E-6
5682	1	2.58137E-8	5.57575E-6
5698	1	2.58137E-8	5.54994E-6
5701	1	2.58137E-8	5.52413E-6
5707	1	2.58137E-8	5.49831E-6
5721	1	2.58137E-8	5.4725E-6
5748	1	2.58137E-8	5.44668E-6
5777	1	2.58137E-8	5.42087E-6
5816	1	2.58137E-8	5.39506E-6
5820	1	2.58137E-8	5.36924E-6
5840	1	2.58137E-8	5.34343E-6
5860	1	2.58137E-8	5.31762E-6
5863	1	2.58137E-8	5.2918E-6
5869	2	5.16273E-8	5.26599E-6
5898	1	2.58137E-8	5.21436E-6
5908	1	2.58137E-8	5.18855E-6
5917	1	2.58137E-8	5.16273E-6
5930	1	2.58137E-8	5.13692E-6
5945	1	2.58137E-8	5.11111E-6
5960	1	2.58137E-8	5.08529E-6
5969	1	2.58137E-8	5.05948E-6
5974	1	2.58137E-8	5.03367E-6
6008	1	2.58137E-8	5.00785E-6
6016	1	2.58137E-8	4.98204E-6
6058	1	2.58137E-8	4.95622E-6
6068	1	2.58137E-8	4.93041E-6
6098	2	5.16273E-8	4.9046E-6
6144	1	2.58137E-8	4.85297E-6
6146	1	2.58137E-8	4.82716E-6
6153	1	2.58137E-8	4.80134E-6
6216	1	2.58137E-8	4.77553E-6
6217	2	5.16273E-8	4.74972E-6
6226	1	2.58137E-8	4.69809E-6
6306	1	2.58137E-8	4.67227E-6
6315	1	2.58137E-8	4.64646E-6
6338	1	2.58137E-8	4.62065E-6
6354	1	2.58137E-8	4.59483E-6
6380	1	2.58137E-8	4.56902E-6
6413	1	2.58137E-8	4.54321E-6
6433	1	2.58137E-8	4.51739E-6
6467	2	5.16273E-8	4.49158E-6
6516	1	2.58137E-8	4.43995E-6
6521	1	2.58137E-8	4.41414E-6
6541	1	2.58137E-8	4.38832E-6
6548	1	2.58137E-8	4.36251E-6
6553	1	2.58137E-8	4.3367E-6
6572	1	2.58137E-8	4.31088E-6
6592	1	2.58137E-8	4.28507E-6
6652	1	2.58137E-8	4.25926E-6
6654	1	2.58137E-8	4.23344E-6
6674	1	2.58137E-8	4.20763E-6
6676	1	2.58137E-8	4.18181E-6
6774	1	2.58137E-8	4.156E-6
6820	1	2.58137E-8	4.13019E-6
6854	1	2.58137E-8	4.10437E-6
6896	1	2.58137E-8	4.07856E-6
6912	1	2.58137E-8	4.05275E-6
7002	1	2.58137E-8	4.02693E-6
7077	1	2.58137E-8	4.00112E-6
7085	1	2.58137E-8	3.97531E-6
7185	1	2.58137E-8	3.94949E-6
7201	1	2.58137E-8	3.92368E-6
7216	1	2.58137E-8	3.89786E-6
7240	1	2.58137E-8	3.87205E-6
7248	1	2.58137E-8	3.84624E-6
7262	1	2.58137E-8	3.82042E-6
7303	1	2.58137E-8	3.79461E-6
7320	1	2.58137E-8	3.7688E-6
7332	1	2.58137E-8	3.74298E-6
7344	1	2.58137E-8	3.71717E-6
7349	1	2.58137E-8	3.69136E-6
7395	1	2.58137E-8	3.66554E-6
7517	1	2.58137E-8	3.63973E-6
7522	1	2.58137E-8	3.61391E-6
7556	1	2.58137E-8	3.5881E-6
7574	1	2.58137E-8	3.56229E-6
7591	1	2.58137E-8	3.53647E-6
7598	1	2.58137E-8	3.51066E-6
7634	1	2.58137E-8	3.48485E-6
7642	1	2.58137E-8	3.45903E-6
7673	1	2.58137E-8	3.43322E-6
7830	1	2.58137E-8	3.4074E-6
7836	1	2.58137E-8	3.38159E-6
7880	1	2.58137E-8	3.35578E-6
7890	1	2.58137E-8	3.32996E-6
8021	1	2.58137E-8	3.30415E-6
8022	1	2.58137E-8	3.27834E-6
8060	1	2.58137E-8	3.25252E-6
8067	1	2.58137E-8	3.22671E-6
8082	1	2.58137E-8	3.2009E-6
8206	1	2.58137E-8	3.17508E-6
8212	1	2.58137E-8	3.14927E-6
8262	1	2.58137E-8	3.12345E-6
8265	1	2.58137E-8	3.09764E-6
8321	1	2.58137E-8	3.07183E-6
8347	1	2.58137E-8	3.04601E-6
8354	1	2.58137E-8	3.0202E-6
8429	1	2.58137E-8	2.99439E-6
8486	1	2.58137E-8	2.96857E-6
8501	1	2.58137E-8	2.94276E-6
8692	1	2.58137E-8	2.91694E-6
8735	1	2.58137E-8	2.89113E-6
8806	1	2.58137E-8	2.86532E-6
8911	1	2.58137E-8	2.8395E-6
8985	1	2.58137E-8	2.81369E-6
9002	1	2.58137E-8	2.78788E-6
9007	1	2.58137E-8	2.76206E-6
9023	1	2.58137E-8	2.73625E-6
9168	1	2.58137E-8	2.71044E-6
9175	1	2.58137E-8	2.68462E-6
9214	1	2.58137E-8	2.65881E-6
9472	1	2.58137E-8	2.63299E-6
9512	1	2.58137E-8	2.60718E-6
9579	1	2.58137E-8	2.58137E-6
9613	1	2.58137E-8	2.55555E-6
9648	1	2.58137E-8	2.52974E-6
9771	1	2.58137E-8	2.50393E-6
9838	1	2.58137E-8	2.47811E-6
9893	1	2.58137E-8	2.4523E-6
9907	1	2.58137E-8	2.42649E-6
9964	1	2.58137E-8	2.40067E-6
9977	1	2.58137E-8	2.37486E-6
10025	1	2.58137E-8	2.34904E-6
10187	1	2.58137E-8	2.32323E-6
10215	1	2.58137E-8	2.29742E-6
10260	1	2.58137E-8	2.2716E-6
10345	1	2.58137E-8	2.24579E-6
10365	1	2.58137E-8	2.21998E-6
10405	1	2.58137E-8	2.19416E-6
10465	1	2.58137E-8	2.16835E-6
10481	1	2.58137E-8	2.14253E-6
10554	1	2.58137E-8	2.11672E-6
10652	1	2.58137E-8	2.09091E-6
10755	1	2.58137E-8	2.06509E-6
10911	1	2.58137E-8	2.03928E-6
10957	1	2.58137E-8	2.01347E-6
10959	1	2.58137E-8	1.98765E-6
10963	1	2.58137E-8	1.96184E-6
11084	1	2.58137E-8	1.93603E-6
11151	1	2.58137E-8	1.91021E-6
11294	1	2.58137E-8	1.8844E-6
11342	1	2.58137E-8	1.85858E-6
11351	2	5.16273E-8	1.83277E-6
11504	1	2.58137E-8	1.78114E-6
11520	1	2.58137E-8	1.75533E-6
11549	1	2.58137E-8	1.72952E-6
11810	1	2.58137E-8	1.7037E-6
12062	1	2.58137E-8	1.67789E-6
12179	1	2.58137E-8	1.65207E-6
12232	1	2.58137E-8	1.62626E-6
12343	1	2.58137E-8	1.60045E-6
12529	1	2.58137E-8	1.57463E-6
12554	1	2.58137E-8	1.54882E-6
12649	1	2.58137E-8	1.52301E-6
12683	1	2.58137E-8	1.49719E-6
12693	1	2.58137E-8	1.47138E-6
12714	1	2.58137E-8	1.44557E-6
12727	1	2.58137E-8	1.41975E-6
12916	1	2.58137E-8	1.39394E-6
13246	1	2.58137E-8	1.36812E-6
13359	1	2.58137E-8	1.34231E-6
13369	1	2.58137E-8	1.3165E-6
13477	1	2.58137E-8	1.29068E-6
13769	1	2.58137E-8	1.26487E-6
13975	1	2.58137E-8	1.23906E-6
14093	1	2.58137E-8	1.21324E-6
14286	1	2.58137E-8	1.18743E-6
14377	1	2.58137E-8	1.16162E-6
15008	1	2.58137E-8	1.1358E-6
15070	1	2.58137E-8	1.10999E-6
15222	1	2.58137E-8	1.08417E-6
15275	1	2.58137E-8	1.05836E-6
15552	1	2.58137E-8	1.03255E-6
15588	1	2.58137E-8	1.00673E-6
15942	1	2.58137E-8	9.8092E-7
16026	1	2.58137E-8	9.55106E-7
16061	1	2.58137E-8	9.29292E-7
16073	1	2.58137E-8	9.03479E-7
16578	1	2.58137E-8	8.77665E-7
17044	1	2.58137E-8	8.51851E-7
17478	1	2.58137E-8	8.26037E-7
17724	1	2.58137E-8	8.00224E-7
17725	1	2.58137E-8	7.7441E-7
18506	1	2.58137E-8	7.48596E-7
18934	1	2.58137E-8	7.22783E-7
19223	1	2.58137E-8	6.96969E-7
19247	1	2.58137E-8	6.71155E-7
19880	1	2.58137E-8	6.45342E-7
20133	1	2.58137E-8	6.19528E-7
20916	1	2.58137E-8	5.93714E-7
21453	1	2.58137E-8	5.67901E-7
22164	1	2.58137E-8	5.42087E-7
22308	1	2.58137E-8	5.16273E-7
23284	1	2.58137E-8	4.9046E-7
23618	1	2.58137E-8	4.64646E-7
24409	1	2.58137E-8	4.38832E-7
24500	1	2.58137E-8	4.13019E-7
25765	1	2.58137E-8	3.87205E-7
26261	1	2.58137E-8	3.61391E-7
28586	1	2.58137E-8	3.35578E-7
29094	1	2.58137E-8	3.09764E-7
29228	1	2.58137E-8	2.8395E-7
29611	1	2.58137E-8	2.58137E-7
29869	1	2.58137E-8	2.32323E-7
30268	1	2.58137E-8	2.06509E-7
32204	1	2.58137E-8	1.80696E-7
32522	1	2.58137E-8	1.54882E-7
33384	1	2.58137E-8	1.29068E-7
36090	1	2.58137E-8	1.03255E-7
37351	1	2.58137E-8	7.7441E-8
38203	1	2.58137E-8	5.16273E-8
38892	1	2.58137E-8	2.58137E-8
