family_size	count	fraction	fraction_gt_or_eq_family_size
1	28484889	0.754403	1
2	6316795	0.167296	0.245597
3	1615033	0.042773	0.0783
4	566822	0.015012	0.035527
5	266046	0.007046	0.020515
6	139724	0.0037	0.013469
7	96951	0.002568	0.009769
8	59486	0.001575	0.007201
9	42911	0.001136	0.005626
10	31353	0.00083	0.004489
11	23826	0.000631	0.003659
12	16649	0.000441	0.003028
13	14570	0.000386	0.002587
14	11210	0.000297	0.002201
15	8782	0.000233	0.001904
16	7409	0.000196	0.001672
17	6393	0.000169	0.001475
18	4874	0.000129	0.001306
19	4338	0.000115	0.001177
20	3709	0.000098	0.001062
21	3222	0.000085	0.000964
22	2699	0.000071	0.000879
23	2413	0.000064	0.000807
24	2043	0.000054	0.000743
25	1765	0.000047	0.000689
26	1627	0.000043	0.000642
27	1395	0.000037	0.000599
28	1303	0.000035	0.000562
29	1108	0.000029	0.000528
30	972	0.000026	0.000498
31	926	0.000025	0.000473
32	875	0.000023	0.000448
33	792	0.000021	0.000425
34	689	0.000018	0.000404
35	626	0.000017	0.000386
36	596	0.000016	0.000369
37	535	0.000014	0.000353
38	514	0.000014	0.000339
39	472	0.000013	0.000326
40	464	0.000012	0.000313
41	399	0.000011	0.000301
42	354	9.37546E-6	0.00029
43	320	8.47499E-6	0.000281
44	341	9.03116E-6	0.000272
45	285	7.54804E-6	0.000263
46	262	6.9389E-6	0.000256
47	271	7.17726E-6	0.000249
48	241	6.38273E-6	0.000242
49	194	5.13796E-6	0.000235
50	198	5.2439E-6	0.00023
51	214	5.66765E-6	0.000225
52	175	4.63476E-6	0.000219
53	165	4.36992E-6	0.000215
54	166	4.3964E-6	0.00021
55	160	4.23749E-6	0.000206
56	136	3.60187E-6	0.000202
57	156	4.13156E-6	0.000198
58	126	3.33703E-6	0.000194
59	145	3.84023E-6	0.000191
60	146	3.86671E-6	0.000187
61	116	3.07218E-6	0.000183
62	117	3.09867E-6	0.00018
63	92	2.43656E-6	0.000177
64	95	2.51601E-6	0.000174
65	102	2.7014E-6	0.000172
66	89	2.35711E-6	0.000169
67	69	1.82742E-6	0.000167
68	72	1.90687E-6	0.000165
69	84	2.22468E-6	0.000163
70	72	1.90687E-6	0.000161
71	81	2.14523E-6	0.000159
72	69	1.82742E-6	0.000157
73	67	1.77445E-6	0.000155
74	87	2.30414E-6	0.000153
75	73	1.93336E-6	0.000151
76	64	1.695E-6	0.000149
77	68	1.80093E-6	0.000147
78	63	1.66851E-6	0.000145
79	64	1.695E-6	0.000144
80	64	1.695E-6	0.000142
81	67	1.77445E-6	0.00014
82	44	1.16531E-6	0.000139
83	53	1.40367E-6	0.000137
84	51	1.3507E-6	0.000136
85	56	1.48312E-6	0.000135
86	55	1.45664E-6	0.000133
87	44	1.16531E-6	0.000132
88	47	1.24476E-6	0.000131
89	35	9.26952E-7	0.000129
90	40	1.05937E-6	0.000128
91	42	1.11234E-6	0.000127
92	37	9.7992E-7	0.000126
93	44	1.16531E-6	0.000125
94	35	9.26952E-7	0.000124
95	32	8.47499E-7	0.000123
96	27	7.15077E-7	0.000122
97	36	9.53436E-7	0.000122
98	31	8.21014E-7	0.000121
99	38	1.0064E-6	0.00012
100	32	8.47499E-7	0.000119
101	37	9.7992E-7	0.000118
102	28	7.41561E-7	0.000117
103	29	7.68046E-7	0.000116
104	33	8.73983E-7	0.000115
105	29	7.68046E-7	0.000115
106	39	1.03289E-6	0.000114
107	27	7.15077E-7	0.000113
108	22	5.82655E-7	0.000112
109	19	5.03202E-7	0.000111
110	28	7.41561E-7	0.000111
111	25	6.62108E-7	0.00011
112	24	6.35624E-7	0.00011
113	25	6.62108E-7	0.000109
114	28	7.41561E-7	0.000108
115	24	6.35624E-7	0.000107
116	16	4.23749E-7	0.000107
117	24	6.35624E-7	0.000106
118	23	6.0914E-7	0.000106
119	17	4.50234E-7	0.000105
120	23	6.0914E-7	0.000105
121	32	8.47499E-7	0.000104
122	21	5.56171E-7	0.000103
123	22	5.82655E-7	0.000103
124	18	4.76718E-7	0.000102
125	21	5.56171E-7	0.000102
126	16	4.23749E-7	0.000101
127	15	3.97265E-7	0.000101
128	16	4.23749E-7	0.0001
129	17	4.50234E-7	0.0001
130	18	4.76718E-7	0.000099
131	17	4.50234E-7	0.000099
132	20	5.29687E-7	0.000098
133	12	3.17812E-7	0.000098
134	18	4.76718E-7	0.000098
135	16	4.23749E-7	0.000097
136	15	3.97265E-7	0.000097
137	17	4.50234E-7	0.000096
138	14	3.70781E-7	0.000096
139	19	5.03202E-7	0.000096
140	12	3.17812E-7	0.000095
141	13	3.44296E-7	0.000095
142	16	4.23749E-7	0.000094
143	9	2.38359E-7	0.000094
144	16	4.23749E-7	0.000094
145	17	4.50234E-7	0.000093
146	14	3.70781E-7	0.000093
147	16	4.23749E-7	0.000092
148	13	3.44296E-7	0.000092
149	9	2.38359E-7	0.000092
150	10	2.64843E-7	0.000091
151	10	2.64843E-7	0.000091
152	15	3.97265E-7	0.000091
153	12	3.17812E-7	0.000091
154	11	2.91328E-7	0.00009
155	14	3.70781E-7	0.00009
156	10	2.64843E-7	0.00009
157	12	3.17812E-7	0.000089
158	8	2.11875E-7	0.000089
159	9	2.38359E-7	0.000089
160	9	2.38359E-7	0.000089
161	7	1.8539E-7	0.000088
162	11	2.91328E-7	0.000088
163	13	3.44296E-7	0.000088
164	10	2.64843E-7	0.000087
165	14	3.70781E-7	0.000087
166	15	3.97265E-7	0.000087
167	6	1.58906E-7	0.000086
168	8	2.11875E-7	0.000086
169	10	2.64843E-7	0.000086
170	13	3.44296E-7	0.000086
171	9	2.38359E-7	0.000085
172	9	2.38359E-7	0.000085
173	6	1.58906E-7	0.000085
174	11	2.91328E-7	0.000085
175	10	2.64843E-7	0.000085
176	6	1.58906E-7	0.000084
177	15	3.97265E-7	0.000084
178	7	1.8539E-7	0.000084
179	10	2.64843E-7	0.000084
180	9	2.38359E-7	0.000083
181	10	2.64843E-7	0.000083
182	3	7.9453E-8	0.000083
183	6	1.58906E-7	0.000083
184	6	1.58906E-7	0.000082
185	10	2.64843E-7	0.000082
186	11	2.91328E-7	0.000082
187	7	1.8539E-7	0.000082
188	12	3.17812E-7	0.000082
189	6	1.58906E-7	0.000081
190	6	1.58906E-7	0.000081
191	10	2.64843E-7	0.000081
192	11	2.91328E-7	0.000081
193	5	1.32422E-7	0.00008
194	5	1.32422E-7	0.00008
195	6	1.58906E-7	0.00008
196	8	2.11875E-7	0.00008
197	6	1.58906E-7	0.00008
198	9	2.38359E-7	0.00008
199	11	2.91328E-7	0.000079
200	5	1.32422E-7	0.000079
201	7	1.8539E-7	0.000079
202	8	2.11875E-7	0.000079
203	10	2.64843E-7	0.000079
204	7	1.8539E-7	0.000078
205	7	1.8539E-7	0.000078
206	7	1.8539E-7	0.000078
207	7	1.8539E-7	0.000078
208	7	1.8539E-7	0.000078
209	6	1.58906E-7	0.000077
210	5	1.32422E-7	0.000077
211	7	1.8539E-7	0.000077
212	4	1.05937E-7	0.000077
213	8	2.11875E-7	0.000077
214	3	7.9453E-8	0.000077
215	5	1.32422E-7	0.000076
216	7	1.8539E-7	0.000076
217	7	1.8539E-7	0.000076
218	1	2.64843E-8	0.000076
219	5	1.32422E-7	0.000076
220	6	1.58906E-7	0.000076
221	6	1.58906E-7	0.000076
222	7	1.8539E-7	0.000076
223	4	1.05937E-7	0.000075
224	5	1.32422E-7	0.000075
225	6	1.58906E-7	0.000075
226	5	1.32422E-7	0.000075
227	5	1.32422E-7	0.000075
228	7	1.8539E-7	0.000075
229	9	2.38359E-7	0.000074
230	6	1.58906E-7	0.000074
231	11	2.91328E-7	0.000074
232	3	7.9453E-8	0.000074
233	8	2.11875E-7	0.000074
234	6	1.58906E-7	0.000073
235	5	1.32422E-7	0.000073
236	4	1.05937E-7	0.000073
237	2	5.29687E-8	0.000073
238	5	1.32422E-7	0.000073
239	5	1.32422E-7	0.000073
240	7	1.8539E-7	0.000073
241	4	1.05937E-7	0.000073
242	6	1.58906E-7	0.000072
243	5	1.32422E-7	0.000072
244	7	1.8539E-7	0.000072
245	2	5.29687E-8	0.000072
246	4	1.05937E-7	0.000072
247	3	7.9453E-8	0.000072
248	5	1.32422E-7	0.000072
249	5	1.32422E-7	0.000072
250	8	2.11875E-7	0.000072
251	5	1.32422E-7	0.000071
252	4	1.05937E-7	0.000071
253	5	1.32422E-7	0.000071
254	5	1.32422E-7	0.000071
255	5	1.32422E-7	0.000071
256	2	5.29687E-8	0.000071
257	6	1.58906E-7	0.000071
258	6	1.58906E-7	0.00007
259	3	7.9453E-8	0.00007
260	4	1.05937E-7	0.00007
261	2	5.29687E-8	0.00007
262	1	2.64843E-8	0.00007
263	7	1.8539E-7	0.00007
264	8	2.11875E-7	0.00007
265	5	1.32422E-7	0.00007
266	3	7.9453E-8	0.000069
267	3	7.9453E-8	0.000069
268	3	7.9453E-8	0.000069
269	5	1.32422E-7	0.000069
270	8	2.11875E-7	0.000069
271	3	7.9453E-8	0.000069
272	3	7.9453E-8	0.000069
273	4	1.05937E-7	0.000069
274	3	7.9453E-8	0.000069
275	6	1.58906E-7	0.000069
276	4	1.05937E-7	0.000068
277	6	1.58906E-7	0.000068
278	3	7.9453E-8	0.000068
279	5	1.32422E-7	0.000068
280	5	1.32422E-7	0.000068
281	6	1.58906E-7	0.000068
282	4	1.05937E-7	0.000068
283	4	1.05937E-7	0.000068
284	2	5.29687E-8	0.000067
285	7	1.8539E-7	0.000067
286	6	1.58906E-7	0.000067
287	3	7.9453E-8	0.000067
289	6	1.58906E-7	0.000067
290	4	1.05937E-7	0.000067
291	3	7.9453E-8	0.000067
292	1	2.64843E-8	0.000067
293	6	1.58906E-7	0.000067
294	5	1.32422E-7	0.000066
295	6	1.58906E-7	0.000066
296	4	1.05937E-7	0.000066
297	4	1.05937E-7	0.000066
298	3	7.9453E-8	0.000066
299	4	1.05937E-7	0.000066
300	1	2.64843E-8	0.000066
301	1	2.64843E-8	0.000066
302	3	7.9453E-8	0.000066
303	2	5.29687E-8	0.000066
305	1	2.64843E-8	0.000066
306	5	1.32422E-7	0.000066
307	3	7.9453E-8	0.000065
308	5	1.32422E-7	0.000065
309	7	1.8539E-7	0.000065
310	2	5.29687E-8	0.000065
311	1	2.64843E-8	0.000065
312	2	5.29687E-8	0.000065
313	5	1.32422E-7	0.000065
314	4	1.05937E-7	0.000065
315	5	1.32422E-7	0.000065
317	1	2.64843E-8	0.000064
318	2	5.29687E-8	0.000064
319	4	1.05937E-7	0.000064
320	3	7.9453E-8	0.000064
321	2	5.29687E-8	0.000064
322	3	7.9453E-8	0.000064
323	2	5.29687E-8	0.000064
324	4	1.05937E-7	0.000064
325	3	7.9453E-8	0.000064
326	2	5.29687E-8	0.000064
327	4	1.05937E-7	0.000064
328	5	1.32422E-7	0.000064
329	5	1.32422E-7	0.000064
330	3	7.9453E-8	0.000063
331	1	2.64843E-8	0.000063
332	3	7.9453E-8	0.000063
333	2	5.29687E-8	0.000063
334	3	7.9453E-8	0.000063
335	2	5.29687E-8	0.000063
336	4	1.05937E-7	0.000063
337	2	5.29687E-8	0.000063
338	3	7.9453E-8	0.000063
339	3	7.9453E-8	0.000063
340	6	1.58906E-7	0.000063
341	1	2.64843E-8	0.000063
342	3	7.9453E-8	0.000063
343	4	1.05937E-7	0.000062
344	1	2.64843E-8	0.000062
345	2	5.29687E-8	0.000062
346	5	1.32422E-7	0.000062
347	4	1.05937E-7	0.000062
348	1	2.64843E-8	0.000062
349	2	5.29687E-8	0.000062
350	4	1.05937E-7	0.000062
351	2	5.29687E-8	0.000062
352	6	1.58906E-7	0.000062
353	6	1.58906E-7	0.000062
354	2	5.29687E-8	0.000061
355	6	1.58906E-7	0.000061
356	4	1.05937E-7	0.000061
357	3	7.9453E-8	0.000061
358	3	7.9453E-8	0.000061
359	5	1.32422E-7	0.000061
360	4	1.05937E-7	0.000061
361	1	2.64843E-8	0.000061
362	1	2.64843E-8	0.000061
363	2	5.29687E-8	0.000061
364	6	1.58906E-7	0.000061
365	3	7.9453E-8	0.000061
366	2	5.29687E-8	0.00006
367	2	5.29687E-8	0.00006
368	4	1.05937E-7	0.00006
369	4	1.05937E-7	0.00006
370	2	5.29687E-8	0.00006
371	3	7.9453E-8	0.00006
372	1	2.64843E-8	0.00006
373	4	1.05937E-7	0.00006
374	4	1.05937E-7	0.00006
375	4	1.05937E-7	0.00006
376	2	5.29687E-8	0.00006
377	4	1.05937E-7	0.00006
378	3	7.9453E-8	0.000059
379	1	2.64843E-8	0.000059
380	5	1.32422E-7	0.000059
381	1	2.64843E-8	0.000059
382	2	5.29687E-8	0.000059
383	3	7.9453E-8	0.000059
384	3	7.9453E-8	0.000059
385	1	2.64843E-8	0.000059
386	1	2.64843E-8	0.000059
387	2	5.29687E-8	0.000059
390	4	1.05937E-7	0.000059
392	4	1.05937E-7	0.000059
394	4	1.05937E-7	0.000059
395	5	1.32422E-7	0.000059
396	1	2.64843E-8	0.000058
397	1	2.64843E-8	0.000058
398	1	2.64843E-8	0.000058
399	2	5.29687E-8	0.000058
400	3	7.9453E-8	0.000058
401	2	5.29687E-8	0.000058
402	3	7.9453E-8	0.000058
403	4	1.05937E-7	0.000058
404	2	5.29687E-8	0.000058
405	4	1.05937E-7	0.000058
406	2	5.29687E-8	0.000058
407	4	1.05937E-7	0.000058
408	3	7.9453E-8	0.000058
410	2	5.29687E-8	0.000058
411	2	5.29687E-8	0.000058
412	1	2.64843E-8	0.000057
413	2	5.29687E-8	0.000057
415	2	5.29687E-8	0.000057
416	2	5.29687E-8	0.000057
417	3	7.9453E-8	0.000057
418	1	2.64843E-8	0.000057
419	1	2.64843E-8	0.000057
420	6	1.58906E-7	0.000057
421	3	7.9453E-8	0.000057
422	3	7.9453E-8	0.000057
423	4	1.05937E-7	0.000057
424	1	2.64843E-8	0.000057
425	5	1.32422E-7	0.000057
426	7	1.8539E-7	0.000057
427	4	1.05937E-7	0.000056
428	4	1.05937E-7	0.000056
429	3	7.9453E-8	0.000056
430	3	7.9453E-8	0.000056
431	6	1.58906E-7	0.000056
432	1	2.64843E-8	0.000056
433	3	7.9453E-8	0.000056
435	4	1.05937E-7	0.000056
436	2	5.29687E-8	0.000056
437	4	1.05937E-7	0.000056
438	3	7.9453E-8	0.000056
439	3	7.9453E-8	0.000055
440	1	2.64843E-8	0.000055
441	2	5.29687E-8	0.000055
442	1	2.64843E-8	0.000055
443	1	2.64843E-8	0.000055
445	2	5.29687E-8	0.000055
446	1	2.64843E-8	0.000055
447	2	5.29687E-8	0.000055
448	3	7.9453E-8	0.000055
449	3	7.9453E-8	0.000055
450	3	7.9453E-8	0.000055
451	1	2.64843E-8	0.000055
452	3	7.9453E-8	0.000055
453	1	2.64843E-8	0.000055
454	2	5.29687E-8	0.000055
455	3	7.9453E-8	0.000055
457	2	5.29687E-8	0.000055
458	1	2.64843E-8	0.000055
460	4	1.05937E-7	0.000055
461	2	5.29687E-8	0.000054
463	3	7.9453E-8	0.000054
464	2	5.29687E-8	0.000054
465	2	5.29687E-8	0.000054
467	1	2.64843E-8	0.000054
468	2	5.29687E-8	0.000054
469	4	1.05937E-7	0.000054
470	2	5.29687E-8	0.000054
471	2	5.29687E-8	0.000054
472	2	5.29687E-8	0.000054
473	4	1.05937E-7	0.000054
474	2	5.29687E-8	0.000054
475	1	2.64843E-8	0.000054
476	3	7.9453E-8	0.000054
477	2	5.29687E-8	0.000054
478	3	7.9453E-8	0.000053
479	2	5.29687E-8	0.000053
481	1	2.64843E-8	0.000053
482	3	7.9453E-8	0.000053
483	2	5.29687E-8	0.000053
484	2	5.29687E-8	0.000053
485	2	5.29687E-8	0.000053
486	3	7.9453E-8	0.000053
487	1	2.64843E-8	0.000053
488	8	2.11875E-7	0.000053
489	3	7.9453E-8	0.000053
490	6	1.58906E-7	0.000053
491	2	5.29687E-8	0.000053
492	2	5.29687E-8	0.000052
493	2	5.29687E-8	0.000052
494	2	5.29687E-8	0.000052
496	3	7.9453E-8	0.000052
497	2	5.29687E-8	0.000052
498	1	2.64843E-8	0.000052
499	3	7.9453E-8	0.000052
500	2	5.29687E-8	0.000052
501	2	5.29687E-8	0.000052
502	1	2.64843E-8	0.000052
503	3	7.9453E-8	0.000052
504	2	5.29687E-8	0.000052
505	6	1.58906E-7	0.000052
506	1	2.64843E-8	0.000052
507	1	2.64843E-8	0.000052
508	2	5.29687E-8	0.000052
509	2	5.29687E-8	0.000052
511	3	7.9453E-8	0.000052
512	3	7.9453E-8	0.000051
513	1	2.64843E-8	0.000051
514	1	2.64843E-8	0.000051
515	4	1.05937E-7	0.000051
516	2	5.29687E-8	0.000051
517	2	5.29687E-8	0.000051
518	5	1.32422E-7	0.000051
519	2	5.29687E-8	0.000051
520	1	2.64843E-8	0.000051
521	1	2.64843E-8	0.000051
522	3	7.9453E-8	0.000051
523	2	5.29687E-8	0.000051
524	1	2.64843E-8	0.000051
525	2	5.29687E-8	0.000051
526	2	5.29687E-8	0.000051
527	1	2.64843E-8	0.000051
528	1	2.64843E-8	0.000051
529	2	5.29687E-8	0.000051
531	4	1.05937E-7	0.00005
532	2	5.29687E-8	0.00005
533	3	7.9453E-8	0.00005
534	1	2.64843E-8	0.00005
535	2	5.29687E-8	0.00005
536	4	1.05937E-7	0.00005
537	2	5.29687E-8	0.00005
538	1	2.64843E-8	0.00005
539	3	7.9453E-8	0.00005
540	4	1.05937E-7	0.00005
541	1	2.64843E-8	0.00005
543	1	2.64843E-8	0.00005
544	2	5.29687E-8	0.00005
545	1	2.64843E-8	0.00005
546	4	1.05937E-7	0.00005
547	2	5.29687E-8	0.00005
548	2	5.29687E-8	0.000049
550	4	1.05937E-7	0.000049
551	3	7.9453E-8	0.000049
552	1	2.64843E-8	0.000049
553	1	2.64843E-8	0.000049
554	1	2.64843E-8	0.000049
555	1	2.64843E-8	0.000049
556	2	5.29687E-8	0.000049
557	1	2.64843E-8	0.000049
558	2	5.29687E-8	0.000049
560	2	5.29687E-8	0.000049
561	1	2.64843E-8	0.000049
562	1	2.64843E-8	0.000049
563	1	2.64843E-8	0.000049
564	2	5.29687E-8	0.000049
565	2	5.29687E-8	0.000049
566	2	5.29687E-8	0.000049
568	3	7.9453E-8	0.000049
569	3	7.9453E-8	0.000049
571	1	2.64843E-8	0.000049
575	3	7.9453E-8	0.000049
576	1	2.64843E-8	0.000048
577	1	2.64843E-8	0.000048
578	1	2.64843E-8	0.000048
579	1	2.64843E-8	0.000048
580	1	2.64843E-8	0.000048
581	1	2.64843E-8	0.000048
582	1	2.64843E-8	0.000048
583	2	5.29687E-8	0.000048
585	1	2.64843E-8	0.000048
586	2	5.29687E-8	0.000048
587	3	7.9453E-8	0.000048
589	3	7.9453E-8	0.000048
590	2	5.29687E-8	0.000048
591	1	2.64843E-8	0.000048
592	2	5.29687E-8	0.000048
594	3	7.9453E-8	0.000048
595	2	5.29687E-8	0.000048
596	1	2.64843E-8	0.000048
597	2	5.29687E-8	0.000048
598	2	5.29687E-8	0.000048
599	2	5.29687E-8	0.000048
600	5	1.32422E-7	0.000048
601	3	7.9453E-8	0.000047
602	3	7.9453E-8	0.000047
604	4	1.05937E-7	0.000047
606	1	2.64843E-8	0.000047
607	1	2.64843E-8	0.000047
608	2	5.29687E-8	0.000047
609	2	5.29687E-8	0.000047
610	1	2.64843E-8	0.000047
611	2	5.29687E-8	0.000047
612	3	7.9453E-8	0.000047
613	1	2.64843E-8	0.000047
614	2	5.29687E-8	0.000047
616	3	7.9453E-8	0.000047
617	1	2.64843E-8	0.000047
618	4	1.05937E-7	0.000047
619	4	1.05937E-7	0.000047
620	2	5.29687E-8	0.000046
622	1	2.64843E-8	0.000046
623	1	2.64843E-8	0.000046
624	2	5.29687E-8	0.000046
625	1	2.64843E-8	0.000046
626	3	7.9453E-8	0.000046
628	1	2.64843E-8	0.000046
632	1	2.64843E-8	0.000046
633	1	2.64843E-8	0.000046
634	2	5.29687E-8	0.000046
635	1	2.64843E-8	0.000046
636	2	5.29687E-8	0.000046
637	1	2.64843E-8	0.000046
639	2	5.29687E-8	0.000046
640	5	1.32422E-7	0.000046
642	2	5.29687E-8	0.000046
644	4	1.05937E-7	0.000046
645	3	7.9453E-8	0.000046
646	2	5.29687E-8	0.000046
647	1	2.64843E-8	0.000045
648	3	7.9453E-8	0.000045
649	3	7.9453E-8	0.000045
653	2	5.29687E-8	0.000045
655	3	7.9453E-8	0.000045
656	2	5.29687E-8	0.000045
658	1	2.64843E-8	0.000045
661	4	1.05937E-7	0.000045
663	1	2.64843E-8	0.000045
664	4	1.05937E-7	0.000045
665	1	2.64843E-8	0.000045
666	1	2.64843E-8	0.000045
667	2	5.29687E-8	0.000045
670	2	5.29687E-8	0.000045
671	1	2.64843E-8	0.000045
672	1	2.64843E-8	0.000045
675	4	1.05937E-7	0.000045
676	3	7.9453E-8	0.000044
680	2	5.29687E-8	0.000044
681	3	7.9453E-8	0.000044
682	2	5.29687E-8	0.000044
683	1	2.64843E-8	0.000044
686	4	1.05937E-7	0.000044
687	1	2.64843E-8	0.000044
688	3	7.9453E-8	0.000044
689	1	2.64843E-8	0.000044
690	1	2.64843E-8	0.000044
693	2	5.29687E-8	0.000044
694	5	1.32422E-7	0.000044
695	2	5.29687E-8	0.000044
697	2	5.29687E-8	0.000044
698	3	7.9453E-8	0.000044
699	3	7.9453E-8	0.000044
700	2	5.29687E-8	0.000043
702	2	5.29687E-8	0.000043
703	1	2.64843E-8	0.000043
704	1	2.64843E-8	0.000043
705	2	5.29687E-8	0.000043
707	1	2.64843E-8	0.000043
710	1	2.64843E-8	0.000043
711	1	2.64843E-8	0.000043
712	2	5.29687E-8	0.000043
713	2	5.29687E-8	0.000043
715	2	5.29687E-8	0.000043
716	2	5.29687E-8	0.000043
717	3	7.9453E-8	0.000043
719	2	5.29687E-8	0.000043
720	2	5.29687E-8	0.000043
721	3	7.9453E-8	0.000043
723	2	5.29687E-8	0.000043
724	2	5.29687E-8	0.000043
725	2	5.29687E-8	0.000043
726	4	1.05937E-7	0.000043
727	2	5.29687E-8	0.000042
728	2	5.29687E-8	0.000042
729	1	2.64843E-8	0.000042
730	1	2.64843E-8	0.000042
731	1	2.64843E-8	0.000042
733	1	2.64843E-8	0.000042
735	1	2.64843E-8	0.000042
736	2	5.29687E-8	0.000042
737	2	5.29687E-8	0.000042
738	2	5.29687E-8	0.000042
739	1	2.64843E-8	0.000042
740	2	5.29687E-8	0.000042
741	1	2.64843E-8	0.000042
742	1	2.64843E-8	0.000042
743	2	5.29687E-8	0.000042
744	2	5.29687E-8	0.000042
745	1	2.64843E-8	0.000042
746	2	5.29687E-8	0.000042
747	1	2.64843E-8	0.000042
748	2	5.29687E-8	0.000042
749	3	7.9453E-8	0.000042
751	1	2.64843E-8	0.000042
753	3	7.9453E-8	0.000042
754	3	7.9453E-8	0.000041
755	1	2.64843E-8	0.000041
756	1	2.64843E-8	0.000041
759	1	2.64843E-8	0.000041
760	1	2.64843E-8	0.000041
761	1	2.64843E-8	0.000041
762	3	7.9453E-8	0.000041
763	1	2.64843E-8	0.000041
764	1	2.64843E-8	0.000041
765	2	5.29687E-8	0.000041
766	1	2.64843E-8	0.000041
767	3	7.9453E-8	0.000041
768	1	2.64843E-8	0.000041
770	1	2.64843E-8	0.000041
771	1	2.64843E-8	0.000041
775	1	2.64843E-8	0.000041
776	3	7.9453E-8	0.000041
778	1	2.64843E-8	0.000041
780	2	5.29687E-8	0.000041
781	1	2.64843E-8	0.000041
782	1	2.64843E-8	0.000041
783	2	5.29687E-8	0.000041
784	1	2.64843E-8	0.000041
786	1	2.64843E-8	0.000041
787	4	1.05937E-7	0.000041
788	3	7.9453E-8	0.00004
790	1	2.64843E-8	0.00004
792	1	2.64843E-8	0.00004
797	1	2.64843E-8	0.00004
800	1	2.64843E-8	0.00004
801	1	2.64843E-8	0.00004
802	1	2.64843E-8	0.00004
804	2	5.29687E-8	0.00004
805	2	5.29687E-8	0.00004
806	2	5.29687E-8	0.00004
809	1	2.64843E-8	0.00004
810	2	5.29687E-8	0.00004
811	1	2.64843E-8	0.00004
812	1	2.64843E-8	0.00004
813	2	5.29687E-8	0.00004
814	1	2.64843E-8	0.00004
816	1	2.64843E-8	0.00004
817	3	7.9453E-8	0.00004
818	1	2.64843E-8	0.00004
819	1	2.64843E-8	0.00004
820	1	2.64843E-8	0.00004
822	1	2.64843E-8	0.00004
823	1	2.64843E-8	0.00004
824	3	7.9453E-8	0.00004
825	1	2.64843E-8	0.00004
826	2	5.29687E-8	0.000039
827	1	2.64843E-8	0.000039
829	2	5.29687E-8	0.000039
830	2	5.29687E-8	0.000039
832	2	5.29687E-8	0.000039
834	2	5.29687E-8	0.000039
836	1	2.64843E-8	0.000039
837	1	2.64843E-8	0.000039
838	3	7.9453E-8	0.000039
839	2	5.29687E-8	0.000039
840	3	7.9453E-8	0.000039
841	1	2.64843E-8	0.000039
842	1	2.64843E-8	0.000039
843	1	2.64843E-8	0.000039
847	1	2.64843E-8	0.000039
848	2	5.29687E-8	0.000039
849	2	5.29687E-8	0.000039
853	1	2.64843E-8	0.000039
854	1	2.64843E-8	0.000039
856	2	5.29687E-8	0.000039
857	1	2.64843E-8	0.000039
858	2	5.29687E-8	0.000039
859	1	2.64843E-8	0.000039
866	1	2.64843E-8	0.000039
867	1	2.64843E-8	0.000038
868	1	2.64843E-8	0.000038
869	1	2.64843E-8	0.000038
870	1	2.64843E-8	0.000038
871	1	2.64843E-8	0.000038
872	1	2.64843E-8	0.000038
873	1	2.64843E-8	0.000038
875	3	7.9453E-8	0.000038
876	1	2.64843E-8	0.000038
878	1	2.64843E-8	0.000038
879	1	2.64843E-8	0.000038
884	2	5.29687E-8	0.000038
886	2	5.29687E-8	0.000038
887	1	2.64843E-8	0.000038
888	1	2.64843E-8	0.000038
889	3	7.9453E-8	0.000038
890	1	2.64843E-8	0.000038
892	1	2.64843E-8	0.000038
893	1	2.64843E-8	0.000038
894	1	2.64843E-8	0.000038
897	2	5.29687E-8	0.000038
899	1	2.64843E-8	0.000038
901	1	2.64843E-8	0.000038
903	1	2.64843E-8	0.000038
904	2	5.29687E-8	0.000038
905	1	2.64843E-8	0.000038
906	2	5.29687E-8	0.000038
907	1	2.64843E-8	0.000038
909	2	5.29687E-8	0.000038
911	3	7.9453E-8	0.000037
912	3	7.9453E-8	0.000037
913	1	2.64843E-8	0.000037
914	2	5.29687E-8	0.000037
915	2	5.29687E-8	0.000037
916	1	2.64843E-8	0.000037
918	1	2.64843E-8	0.000037
923	1	2.64843E-8	0.000037
925	2	5.29687E-8	0.000037
926	1	2.64843E-8	0.000037
927	1	2.64843E-8	0.000037
931	1	2.64843E-8	0.000037
933	3	7.9453E-8	0.000037
934	1	2.64843E-8	0.000037
935	3	7.9453E-8	0.000037
936	1	2.64843E-8	0.000037
938	1	2.64843E-8	0.000037
939	1	2.64843E-8	0.000037
940	1	2.64843E-8	0.000037
942	2	5.29687E-8	0.000037
944	1	2.64843E-8	0.000037
946	2	5.29687E-8	0.000037
947	1	2.64843E-8	0.000037
948	1	2.64843E-8	0.000036
949	1	2.64843E-8	0.000036
950	2	5.29687E-8	0.000036
953	2	5.29687E-8	0.000036
957	1	2.64843E-8	0.000036
960	2	5.29687E-8	0.000036
961	2	5.29687E-8	0.000036
962	1	2.64843E-8	0.000036
963	3	7.9453E-8	0.000036
964	1	2.64843E-8	0.000036
967	1	2.64843E-8	0.000036
969	2	5.29687E-8	0.000036
970	3	7.9453E-8	0.000036
972	2	5.29687E-8	0.000036
974	1	2.64843E-8	0.000036
975	1	2.64843E-8	0.000036
977	1	2.64843E-8	0.000036
978	2	5.29687E-8	0.000036
979	2	5.29687E-8	0.000036
981	1	2.64843E-8	0.000036
983	2	5.29687E-8	0.000036
984	2	5.29687E-8	0.000036
986	1	2.64843E-8	0.000036
988	2	5.29687E-8	0.000036
989	1	2.64843E-8	0.000035
990	1	2.64843E-8	0.000035
994	1	2.64843E-8	0.000035
999	1	2.64843E-8	0.000035
1000	1	2.64843E-8	0.000035
1001	1	2.64843E-8	0.000035
1005	2	5.29687E-8	0.000035
1007	3	7.9453E-8	0.000035
1008	3	7.9453E-8	0.000035
1009	1	2.64843E-8	0.000035
1012	1	2.64843E-8	0.000035
1013	1	2.64843E-8	0.000035
1014	3	7.9453E-8	0.000035
1017	1	2.64843E-8	0.000035
1018	1	2.64843E-8	0.000035
1019	1	2.64843E-8	0.000035
1020	3	7.9453E-8	0.000035
1021	1	2.64843E-8	0.000035
1023	2	5.29687E-8	0.000035
1025	2	5.29687E-8	0.000035
1028	1	2.64843E-8	0.000035
1029	1	2.64843E-8	0.000035
1032	1	2.64843E-8	0.000035
1033	2	5.29687E-8	0.000035
1034	1	2.64843E-8	0.000035
1037	2	5.29687E-8	0.000034
1039	1	2.64843E-8	0.000034
1041	1	2.64843E-8	0.000034
1042	1	2.64843E-8	0.000034
1043	1	2.64843E-8	0.000034
1044	1	2.64843E-8	0.000034
1046	3	7.9453E-8	0.000034
1049	2	5.29687E-8	0.000034
1050	1	2.64843E-8	0.000034
1052	1	2.64843E-8	0.000034
1053	2	5.29687E-8	0.000034
1055	4	1.05937E-7	0.000034
1056	1	2.64843E-8	0.000034
1057	1	2.64843E-8	0.000034
1059	1	2.64843E-8	0.000034
1061	2	5.29687E-8	0.000034
1066	2	5.29687E-8	0.000034
1067	4	1.05937E-7	0.000034
1068	1	2.64843E-8	0.000034
1069	2	5.29687E-8	0.000034
1070	1	2.64843E-8	0.000034
1071	1	2.64843E-8	0.000034
1073	1	2.64843E-8	0.000034
1075	1	2.64843E-8	0.000034
1076	1	2.64843E-8	0.000033
1079	1	2.64843E-8	0.000033
1080	5	1.32422E-7	0.000033
1081	1	2.64843E-8	0.000033
1083	1	2.64843E-8	0.000033
1084	2	5.29687E-8	0.000033
1090	1	2.64843E-8	0.000033
1091	1	2.64843E-8	0.000033
1093	2	5.29687E-8	0.000033
1094	2	5.29687E-8	0.000033
1095	1	2.64843E-8	0.000033
1096	1	2.64843E-8	0.000033
1098	2	5.29687E-8	0.000033
1099	1	2.64843E-8	0.000033
1101	3	7.9453E-8	0.000033
1103	3	7.9453E-8	0.000033
1104	2	5.29687E-8	0.000033
1105	1	2.64843E-8	0.000033
1106	1	2.64843E-8	0.000033
1110	1	2.64843E-8	0.000033
1112	2	5.29687E-8	0.000033
1113	1	2.64843E-8	0.000033
1116	3	7.9453E-8	0.000033
1119	1	2.64843E-8	0.000032
1123	1	2.64843E-8	0.000032
1124	2	5.29687E-8	0.000032
1125	1	2.64843E-8	0.000032
1126	2	5.29687E-8	0.000032
1128	1	2.64843E-8	0.000032
1132	1	2.64843E-8	0.000032
1134	1	2.64843E-8	0.000032
1136	3	7.9453E-8	0.000032
1141	2	5.29687E-8	0.000032
1142	3	7.9453E-8	0.000032
1143	1	2.64843E-8	0.000032
1146	1	2.64843E-8	0.000032
1149	3	7.9453E-8	0.000032
1150	2	5.29687E-8	0.000032
1151	1	2.64843E-8	0.000032
1152	1	2.64843E-8	0.000032
1153	1	2.64843E-8	0.000032
1156	1	2.64843E-8	0.000032
1157	1	2.64843E-8	0.000032
1158	1	2.64843E-8	0.000032
1160	3	7.9453E-8	0.000032
1161	1	2.64843E-8	0.000032
1164	1	2.64843E-8	0.000032
1165	1	2.64843E-8	0.000031
1168	1	2.64843E-8	0.000031
1169	2	5.29687E-8	0.000031
1170	2	5.29687E-8	0.000031
1175	1	2.64843E-8	0.000031
1176	1	2.64843E-8	0.000031
1177	1	2.64843E-8	0.000031
1179	1	2.64843E-8	0.000031
1180	1	2.64843E-8	0.000031
1181	1	2.64843E-8	0.000031
1182	2	5.29687E-8	0.000031
1183	1	2.64843E-8	0.000031
1185	1	2.64843E-8	0.000031
1186	1	2.64843E-8	0.000031
1190	1	2.64843E-8	0.000031
1191	1	2.64843E-8	0.000031
1193	1	2.64843E-8	0.000031
1194	1	2.64843E-8	0.000031
1195	1	2.64843E-8	0.000031
1197	1	2.64843E-8	0.000031
1200	2	5.29687E-8	0.000031
1201	3	7.9453E-8	0.000031
1202	1	2.64843E-8	0.000031
1205	1	2.64843E-8	0.000031
1206	1	2.64843E-8	0.000031
1208	1	2.64843E-8	0.000031
1209	1	2.64843E-8	0.000031
1210	1	2.64843E-8	0.000031
1213	1	2.64843E-8	0.000031
1214	1	2.64843E-8	0.000031
1215	1	2.64843E-8	0.000031
1219	2	5.29687E-8	0.000031
1226	1	2.64843E-8	0.00003
1228	1	2.64843E-8	0.00003
1229	1	2.64843E-8	0.00003
1231	1	2.64843E-8	0.00003
1234	1	2.64843E-8	0.00003
1235	2	5.29687E-8	0.00003
1237	1	2.64843E-8	0.00003
1239	1	2.64843E-8	0.00003
1241	1	2.64843E-8	0.00003
1243	1	2.64843E-8	0.00003
1244	1	2.64843E-8	0.00003
1245	2	5.29687E-8	0.00003
1246	1	2.64843E-8	0.00003
1249	1	2.64843E-8	0.00003
1251	1	2.64843E-8	0.00003
1255	1	2.64843E-8	0.00003
1258	1	2.64843E-8	0.00003
1259	2	5.29687E-8	0.00003
1260	1	2.64843E-8	0.00003
1264	1	2.64843E-8	0.00003
1267	1	2.64843E-8	0.00003
1269	1	2.64843E-8	0.00003
1271	1	2.64843E-8	0.00003
1275	1	2.64843E-8	0.00003
1278	1	2.64843E-8	0.00003
1279	1	2.64843E-8	0.00003
1282	1	2.64843E-8	0.00003
1287	1	2.64843E-8	0.00003
1289	1	2.64843E-8	0.00003
1293	2	5.29687E-8	0.00003
1294	2	5.29687E-8	0.00003
1296	1	2.64843E-8	0.00003
1298	1	2.64843E-8	0.000029
1300	1	2.64843E-8	0.000029
1301	1	2.64843E-8	0.000029
1302	1	2.64843E-8	0.000029
1303	1	2.64843E-8	0.000029
1307	1	2.64843E-8	0.000029
1309	3	7.9453E-8	0.000029
1316	1	2.64843E-8	0.000029
1320	1	2.64843E-8	0.000029
1322	1	2.64843E-8	0.000029
1323	1	2.64843E-8	0.000029
1324	1	2.64843E-8	0.000029
1326	2	5.29687E-8	0.000029
1327	2	5.29687E-8	0.000029
1330	1	2.64843E-8	0.000029
1331	1	2.64843E-8	0.000029
1335	1	2.64843E-8	0.000029
1336	1	2.64843E-8	0.000029
1337	1	2.64843E-8	0.000029
1340	2	5.29687E-8	0.000029
1341	2	5.29687E-8	0.000029
1342	1	2.64843E-8	0.000029
1344	1	2.64843E-8	0.000029
1350	1	2.64843E-8	0.000029
1351	1	2.64843E-8	0.000029
1355	1	2.64843E-8	0.000029
1357	2	5.29687E-8	0.000029
1362	1	2.64843E-8	0.000029
1363	1	2.64843E-8	0.000029
1364	1	2.64843E-8	0.000029
1366	1	2.64843E-8	0.000028
1368	1	2.64843E-8	0.000028
1370	2	5.29687E-8	0.000028
1371	1	2.64843E-8	0.000028
1373	1	2.64843E-8	0.000028
1378	3	7.9453E-8	0.000028
1380	1	2.64843E-8	0.000028
1383	1	2.64843E-8	0.000028
1385	1	2.64843E-8	0.000028
1387	1	2.64843E-8	0.000028
1391	1	2.64843E-8	0.000028
1392	1	2.64843E-8	0.000028
1394	2	5.29687E-8	0.000028
1396	2	5.29687E-8	0.000028
1403	2	5.29687E-8	0.000028
1404	1	2.64843E-8	0.000028
1405	1	2.64843E-8	0.000028
1406	1	2.64843E-8	0.000028
1408	1	2.64843E-8	0.000028
1409	2	5.29687E-8	0.000028
1410	1	2.64843E-8	0.000028
1411	1	2.64843E-8	0.000028
1414	2	5.29687E-8	0.000028
1419	1	2.64843E-8	0.000028
1424	1	2.64843E-8	0.000028
1425	1	2.64843E-8	0.000028
1426	3	7.9453E-8	0.000028
1427	1	2.64843E-8	0.000028
1428	1	2.64843E-8	0.000027
1432	1	2.64843E-8	0.000027
1442	1	2.64843E-8	0.000027
1451	2	5.29687E-8	0.000027
1453	1	2.64843E-8	0.000027
1457	2	5.29687E-8	0.000027
1462	1	2.64843E-8	0.000027
1463	1	2.64843E-8	0.000027
1465	2	5.29687E-8	0.000027
1467	1	2.64843E-8	0.000027
1468	1	2.64843E-8	0.000027
1469	2	5.29687E-8	0.000027
1471	1	2.64843E-8	0.000027
1477	1	2.64843E-8	0.000027
1479	1	2.64843E-8	0.000027
1480	1	2.64843E-8	0.000027
1486	3	7.9453E-8	0.000027
1489	1	2.64843E-8	0.000027
1490	1	2.64843E-8	0.000027
1491	1	2.64843E-8	0.000027
1497	2	5.29687E-8	0.000027
1498	2	5.29687E-8	0.000027
1499	2	5.29687E-8	0.000027
1500	1	2.64843E-8	0.000027
1504	1	2.64843E-8	0.000027
1505	1	2.64843E-8	0.000027
1506	1	2.64843E-8	0.000027
1511	1	2.64843E-8	0.000027
1513	1	2.64843E-8	0.000027
1514	1	2.64843E-8	0.000026
1518	1	2.64843E-8	0.000026
1519	2	5.29687E-8	0.000026
1521	1	2.64843E-8	0.000026
1523	1	2.64843E-8	0.000026
1527	1	2.64843E-8	0.000026
1528	1	2.64843E-8	0.000026
1529	1	2.64843E-8	0.000026
1532	1	2.64843E-8	0.000026
1535	1	2.64843E-8	0.000026
1536	1	2.64843E-8	0.000026
1539	2	5.29687E-8	0.000026
1541	1	2.64843E-8	0.000026
1543	2	5.29687E-8	0.000026
1544	1	2.64843E-8	0.000026
1545	1	2.64843E-8	0.000026
1546	1	2.64843E-8	0.000026
1550	1	2.64843E-8	0.000026
1557	1	2.64843E-8	0.000026
1559	1	2.64843E-8	0.000026
1560	1	2.64843E-8	0.000026
1563	1	2.64843E-8	0.000026
1564	1	2.64843E-8	0.000026
1565	1	2.64843E-8	0.000026
1566	1	2.64843E-8	0.000026
1568	1	2.64843E-8	0.000026
1570	1	2.64843E-8	0.000026
1574	1	2.64843E-8	0.000026
1576	1	2.64843E-8	0.000026
1578	1	2.64843E-8	0.000026
1579	1	2.64843E-8	0.000026
1582	2	5.29687E-8	0.000026
1587	1	2.64843E-8	0.000026
1594	1	2.64843E-8	0.000026
1596	1	2.64843E-8	0.000025
1597	1	2.64843E-8	0.000025
1598	1	2.64843E-8	0.000025
1599	3	7.9453E-8	0.000025
1600	3	7.9453E-8	0.000025
1605	2	5.29687E-8	0.000025
1606	1	2.64843E-8	0.000025
1607	2	5.29687E-8	0.000025
1608	1	2.64843E-8	0.000025
1612	1	2.64843E-8	0.000025
1613	2	5.29687E-8	0.000025
1615	1	2.64843E-8	0.000025
1616	1	2.64843E-8	0.000025
1617	1	2.64843E-8	0.000025
1621	1	2.64843E-8	0.000025
1622	1	2.64843E-8	0.000025
1623	1	2.64843E-8	0.000025
1625	1	2.64843E-8	0.000025
1626	1	2.64843E-8	0.000025
1629	1	2.64843E-8	0.000025
1631	2	5.29687E-8	0.000025
1634	1	2.64843E-8	0.000025
1638	1	2.64843E-8	0.000025
1640	1	2.64843E-8	0.000025
1641	2	5.29687E-8	0.000025
1648	1	2.64843E-8	0.000025
1649	1	2.64843E-8	0.000025
1652	1	2.64843E-8	0.000025
1653	1	2.64843E-8	0.000024
1654	1	2.64843E-8	0.000024
1655	1	2.64843E-8	0.000024
1657	1	2.64843E-8	0.000024
1665	1	2.64843E-8	0.000024
1666	1	2.64843E-8	0.000024
1667	1	2.64843E-8	0.000024
1671	1	2.64843E-8	0.000024
1672	1	2.64843E-8	0.000024
1674	1	2.64843E-8	0.000024
1677	1	2.64843E-8	0.000024
1679	1	2.64843E-8	0.000024
1680	1	2.64843E-8	0.000024
1681	2	5.29687E-8	0.000024
1682	2	5.29687E-8	0.000024
1683	1	2.64843E-8	0.000024
1685	1	2.64843E-8	0.000024
1686	1	2.64843E-8	0.000024
1688	1	2.64843E-8	0.000024
1694	1	2.64843E-8	0.000024
1695	1	2.64843E-8	0.000024
1696	1	2.64843E-8	0.000024
1699	1	2.64843E-8	0.000024
1701	1	2.64843E-8	0.000024
1703	1	2.64843E-8	0.000024
1706	1	2.64843E-8	0.000024
1710	1	2.64843E-8	0.000024
1712	1	2.64843E-8	0.000024
1713	1	2.64843E-8	0.000024
1717	1	2.64843E-8	0.000024
1718	1	2.64843E-8	0.000024
1720	1	2.64843E-8	0.000024
1721	1	2.64843E-8	0.000024
1722	1	2.64843E-8	0.000024
1730	2	5.29687E-8	0.000024
1731	1	2.64843E-8	0.000023
1733	1	2.64843E-8	0.000023
1738	1	2.64843E-8	0.000023
1740	2	5.29687E-8	0.000023
1743	1	2.64843E-8	0.000023
1746	1	2.64843E-8	0.000023
1747	2	5.29687E-8	0.000023
1748	1	2.64843E-8	0.000023
1751	1	2.64843E-8	0.000023
1753	1	2.64843E-8	0.000023
1754	1	2.64843E-8	0.000023
1756	1	2.64843E-8	0.000023
1763	1	2.64843E-8	0.000023
1766	1	2.64843E-8	0.000023
1767	2	5.29687E-8	0.000023
1770	1	2.64843E-8	0.000023
1782	2	5.29687E-8	0.000023
1783	1	2.64843E-8	0.000023
1786	1	2.64843E-8	0.000023
1793	2	5.29687E-8	0.000023
1794	1	2.64843E-8	0.000023
1798	1	2.64843E-8	0.000023
1804	1	2.64843E-8	0.000023
1810	1	2.64843E-8	0.000023
1815	1	2.64843E-8	0.000023
1819	1	2.64843E-8	0.000023
1826	1	2.64843E-8	0.000023
1829	1	2.64843E-8	0.000023
1830	1	2.64843E-8	0.000023
1835	1	2.64843E-8	0.000023
1837	1	2.64843E-8	0.000023
1842	1	2.64843E-8	0.000023
1846	1	2.64843E-8	0.000023
1847	2	5.29687E-8	0.000022
1849	1	2.64843E-8	0.000022
1855	1	2.64843E-8	0.000022
1856	1	2.64843E-8	0.000022
1858	1	2.64843E-8	0.000022
1860	1	2.64843E-8	0.000022
1862	1	2.64843E-8	0.000022
1869	1	2.64843E-8	0.000022
1871	1	2.64843E-8	0.000022
1872	1	2.64843E-8	0.000022
1874	1	2.64843E-8	0.000022
1876	1	2.64843E-8	0.000022
1887	1	2.64843E-8	0.000022
1890	2	5.29687E-8	0.000022
1892	1	2.64843E-8	0.000022
1894	1	2.64843E-8	0.000022
1896	1	2.64843E-8	0.000022
1897	1	2.64843E-8	0.000022
1900	2	5.29687E-8	0.000022
1901	1	2.64843E-8	0.000022
1903	1	2.64843E-8	0.000022
1906	1	2.64843E-8	0.000022
1907	1	2.64843E-8	0.000022
1908	1	2.64843E-8	0.000022
1910	1	2.64843E-8	0.000022
1912	1	2.64843E-8	0.000022
1914	2	5.29687E-8	0.000022
1917	2	5.29687E-8	0.000022
1925	1	2.64843E-8	0.000022
1934	1	2.64843E-8	0.000022
1938	1	2.64843E-8	0.000022
1940	2	5.29687E-8	0.000022
1942	1	2.64843E-8	0.000021
1951	1	2.64843E-8	0.000021
1953	2	5.29687E-8	0.000021
1955	1	2.64843E-8	0.000021
1959	1	2.64843E-8	0.000021
1960	2	5.29687E-8	0.000021
1971	1	2.64843E-8	0.000021
1973	1	2.64843E-8	0.000021
1974	1	2.64843E-8	0.000021
1978	1	2.64843E-8	0.000021
1979	1	2.64843E-8	0.000021
1980	1	2.64843E-8	0.000021
1986	1	2.64843E-8	0.000021
1987	2	5.29687E-8	0.000021
1989	1	2.64843E-8	0.000021
1990	1	2.64843E-8	0.000021
1992	1	2.64843E-8	0.000021
1997	1	2.64843E-8	0.000021
2002	1	2.64843E-8	0.000021
2008	1	2.64843E-8	0.000021
2011	2	5.29687E-8	0.000021
2016	1	2.64843E-8	0.000021
2020	1	2.64843E-8	0.000021
2021	1	2.64843E-8	0.000021
2022	1	2.64843E-8	0.000021
2023	1	2.64843E-8	0.000021
2028	1	2.64843E-8	0.000021
2030	1	2.64843E-8	0.000021
2033	1	2.64843E-8	0.000021
2035	1	2.64843E-8	0.000021
2044	1	2.64843E-8	0.000021
2050	1	2.64843E-8	0.000021
2051	1	2.64843E-8	0.000021
2059	1	2.64843E-8	0.00002
2068	2	5.29687E-8	0.00002
2070	1	2.64843E-8	0.00002
2071	1	2.64843E-8	0.00002
2073	1	2.64843E-8	0.00002
2076	1	2.64843E-8	0.00002
2081	1	2.64843E-8	0.00002
2084	1	2.64843E-8	0.00002
2087	1	2.64843E-8	0.00002
2088	1	2.64843E-8	0.00002
2091	1	2.64843E-8	0.00002
2092	1	2.64843E-8	0.00002
2096	1	2.64843E-8	0.00002
2102	1	2.64843E-8	0.00002
2103	1	2.64843E-8	0.00002
2104	1	2.64843E-8	0.00002
2110	1	2.64843E-8	0.00002
2113	1	2.64843E-8	0.00002
2117	1	2.64843E-8	0.00002
2118	1	2.64843E-8	0.00002
2120	1	2.64843E-8	0.00002
2124	1	2.64843E-8	0.00002
2131	2	5.29687E-8	0.00002
2132	1	2.64843E-8	0.00002
2133	1	2.64843E-8	0.00002
2134	1	2.64843E-8	0.00002
2143	1	2.64843E-8	0.00002
2144	1	2.64843E-8	0.00002
2145	1	2.64843E-8	0.00002
2146	1	2.64843E-8	0.00002
2151	1	2.64843E-8	0.00002
2152	4	1.05937E-7	0.00002
2158	1	2.64843E-8	0.00002
2166	2	5.29687E-8	0.000019
2170	3	7.9453E-8	0.000019
2171	1	2.64843E-8	0.000019
2175	2	5.29687E-8	0.000019
2179	1	2.64843E-8	0.000019
2180	1	2.64843E-8	0.000019
2181	1	2.64843E-8	0.000019
2182	1	2.64843E-8	0.000019
2185	1	2.64843E-8	0.000019
2187	1	2.64843E-8	0.000019
2191	2	5.29687E-8	0.000019
2192	1	2.64843E-8	0.000019
2200	2	5.29687E-8	0.000019
2202	1	2.64843E-8	0.000019
2205	1	2.64843E-8	0.000019
2212	1	2.64843E-8	0.000019
2214	1	2.64843E-8	0.000019
2219	1	2.64843E-8	0.000019
2221	2	5.29687E-8	0.000019
2222	1	2.64843E-8	0.000019
2229	2	5.29687E-8	0.000019
2235	1	2.64843E-8	0.000019
2242	1	2.64843E-8	0.000019
2243	1	2.64843E-8	0.000019
2256	1	2.64843E-8	0.000019
2257	1	2.64843E-8	0.000019
2258	1	2.64843E-8	0.000019
2259	2	5.29687E-8	0.000019
2267	1	2.64843E-8	0.000019
2273	1	2.64843E-8	0.000018
2276	1	2.64843E-8	0.000018
2284	1	2.64843E-8	0.000018
2287	1	2.64843E-8	0.000018
2288	1	2.64843E-8	0.000018
2290	1	2.64843E-8	0.000018
2294	1	2.64843E-8	0.000018
2295	1	2.64843E-8	0.000018
2296	2	5.29687E-8	0.000018
2297	1	2.64843E-8	0.000018
2298	1	2.64843E-8	0.000018
2302	1	2.64843E-8	0.000018
2308	1	2.64843E-8	0.000018
2309	1	2.64843E-8	0.000018
2319	1	2.64843E-8	0.000018
2324	1	2.64843E-8	0.000018
2328	1	2.64843E-8	0.000018
2330	1	2.64843E-8	0.000018
2338	1	2.64843E-8	0.000018
2342	1	2.64843E-8	0.000018
2347	1	2.64843E-8	0.000018
2354	1	2.64843E-8	0.000018
2362	1	2.64843E-8	0.000018
2366	1	2.64843E-8	0.000018
2372	2	5.29687E-8	0.000018
2378	1	2.64843E-8	0.000018
2388	2	5.29687E-8	0.000018
2389	3	7.9453E-8	0.000018
2396	1	2.64843E-8	0.000018
2399	2	5.29687E-8	0.000018
2400	1	2.64843E-8	0.000018
2403	1	2.64843E-8	0.000018
2412	1	2.64843E-8	0.000017
2416	1	2.64843E-8	0.000017
2424	1	2.64843E-8	0.000017
2427	1	2.64843E-8	0.000017
2433	1	2.64843E-8	0.000017
2434	1	2.64843E-8	0.000017
2435	1	2.64843E-8	0.000017
2437	1	2.64843E-8	0.000017
2438	1	2.64843E-8	0.000017
2443	1	2.64843E-8	0.000017
2445	1	2.64843E-8	0.000017
2449	1	2.64843E-8	0.000017
2458	1	2.64843E-8	0.000017
2459	1	2.64843E-8	0.000017
2467	1	2.64843E-8	0.000017
2482	1	2.64843E-8	0.000017
2489	1	2.64843E-8	0.000017
2493	1	2.64843E-8	0.000017
2494	1	2.64843E-8	0.000017
2497	1	2.64843E-8	0.000017
2506	1	2.64843E-8	0.000017
2510	1	2.64843E-8	0.000017
2515	1	2.64843E-8	0.000017
2516	1	2.64843E-8	0.000017
2522	1	2.64843E-8	0.000017
2528	1	2.64843E-8	0.000017
2544	1	2.64843E-8	0.000017
2545	1	2.64843E-8	0.000017
2547	1	2.64843E-8	0.000017
2548	1	2.64843E-8	0.000017
2553	1	2.64843E-8	0.000017
2558	1	2.64843E-8	0.000017
2562	1	2.64843E-8	0.000017
2568	2	5.29687E-8	0.000017
2570	1	2.64843E-8	0.000017
2586	1	2.64843E-8	0.000017
2588	1	2.64843E-8	0.000016
2596	1	2.64843E-8	0.000016
2597	1	2.64843E-8	0.000016
2599	3	7.9453E-8	0.000016
2613	1	2.64843E-8	0.000016
2618	2	5.29687E-8	0.000016
2622	2	5.29687E-8	0.000016
2625	1	2.64843E-8	0.000016
2626	1	2.64843E-8	0.000016
2627	1	2.64843E-8	0.000016
2629	1	2.64843E-8	0.000016
2636	1	2.64843E-8	0.000016
2641	2	5.29687E-8	0.000016
2648	2	5.29687E-8	0.000016
2652	1	2.64843E-8	0.000016
2667	1	2.64843E-8	0.000016
2668	1	2.64843E-8	0.000016
2669	1	2.64843E-8	0.000016
2670	1	2.64843E-8	0.000016
2673	1	2.64843E-8	0.000016
2676	1	2.64843E-8	0.000016
2692	1	2.64843E-8	0.000016
2719	1	2.64843E-8	0.000016
2727	1	2.64843E-8	0.000016
2736	2	5.29687E-8	0.000016
2740	1	2.64843E-8	0.000016
2746	1	2.64843E-8	0.000016
2758	1	2.64843E-8	0.000016
2765	1	2.64843E-8	0.000016
2769	1	2.64843E-8	0.000016
2774	1	2.64843E-8	0.000016
2776	1	2.64843E-8	0.000015
2777	1	2.64843E-8	0.000015
2778	1	2.64843E-8	0.000015
2780	1	2.64843E-8	0.000015
2786	1	2.64843E-8	0.000015
2801	1	2.64843E-8	0.000015
2823	2	5.29687E-8	0.000015
2826	1	2.64843E-8	0.000015
2829	1	2.64843E-8	0.000015
2830	1	2.64843E-8	0.000015
2831	1	2.64843E-8	0.000015
2833	1	2.64843E-8	0.000015
2834	2	5.29687E-8	0.000015
2835	1	2.64843E-8	0.000015
2848	1	2.64843E-8	0.000015
2857	1	2.64843E-8	0.000015
2864	1	2.64843E-8	0.000015
2871	1	2.64843E-8	0.000015
2883	1	2.64843E-8	0.000015
2888	1	2.64843E-8	0.000015
2894	1	2.64843E-8	0.000015
2904	1	2.64843E-8	0.000015
2906	1	2.64843E-8	0.000015
2907	1	2.64843E-8	0.000015
2913	1	2.64843E-8	0.000015
2921	1	2.64843E-8	0.000015
2924	1	2.64843E-8	0.000015
2926	1	2.64843E-8	0.000015
2927	1	2.64843E-8	0.000015
2932	1	2.64843E-8	0.000015
2934	1	2.64843E-8	0.000015
2949	1	2.64843E-8	0.000015
2951	1	2.64843E-8	0.000015
2953	1	2.64843E-8	0.000015
2956	1	2.64843E-8	0.000015
2977	1	2.64843E-8	0.000015
2978	1	2.64843E-8	0.000014
2985	1	2.64843E-8	0.000014
2994	1	2.64843E-8	0.000014
2996	1	2.64843E-8	0.000014
2997	2	5.29687E-8	0.000014
3000	1	2.64843E-8	0.000014
3001	1	2.64843E-8	0.000014
3013	1	2.64843E-8	0.000014
3014	1	2.64843E-8	0.000014
3027	1	2.64843E-8	0.000014
3032	1	2.64843E-8	0.000014
3034	1	2.64843E-8	0.000014
3036	1	2.64843E-8	0.000014
3037	1	2.64843E-8	0.000014
3038	2	5.29687E-8	0.000014
3045	1	2.64843E-8	0.000014
3050	1	2.64843E-8	0.000014
3051	1	2.64843E-8	0.000014
3054	1	2.64843E-8	0.000014
3060	1	2.64843E-8	0.000014
3072	1	2.64843E-8	0.000014
3075	1	2.64843E-8	0.000014
3082	1	2.64843E-8	0.000014
3084	1	2.64843E-8	0.000014
3092	1	2.64843E-8	0.000014
3093	1	2.64843E-8	0.000014
3095	3	7.9453E-8	0.000014
3098	1	2.64843E-8	0.000014
3106	2	5.29687E-8	0.000014
3119	1	2.64843E-8	0.000014
3120	1	2.64843E-8	0.000014
3127	1	2.64843E-8	0.000014
3137	1	2.64843E-8	0.000014
3143	1	2.64843E-8	0.000013
3144	3	7.9453E-8	0.000013
3147	1	2.64843E-8	0.000013
3149	1	2.64843E-8	0.000013
3154	1	2.64843E-8	0.000013
3156	1	2.64843E-8	0.000013
3157	1	2.64843E-8	0.000013
3160	1	2.64843E-8	0.000013
3163	1	2.64843E-8	0.000013
3173	1	2.64843E-8	0.000013
3177	1	2.64843E-8	0.000013
3182	1	2.64843E-8	0.000013
3184	1	2.64843E-8	0.000013
3187	1	2.64843E-8	0.000013
3190	1	2.64843E-8	0.000013
3197	1	2.64843E-8	0.000013
3206	1	2.64843E-8	0.000013
3226	1	2.64843E-8	0.000013
3229	1	2.64843E-8	0.000013
3231	1	2.64843E-8	0.000013
3242	1	2.64843E-8	0.000013
3247	1	2.64843E-8	0.000013
3249	1	2.64843E-8	0.000013
3272	1	2.64843E-8	0.000013
3288	1	2.64843E-8	0.000013
3290	1	2.64843E-8	0.000013
3295	1	2.64843E-8	0.000013
3305	1	2.64843E-8	0.000013
3312	1	2.64843E-8	0.000013
3317	1	2.64843E-8	0.000013
3326	1	2.64843E-8	0.000013
3333	1	2.64843E-8	0.000013
3340	1	2.64843E-8	0.000013
3345	1	2.64843E-8	0.000013
3350	1	2.64843E-8	0.000013
3351	1	2.64843E-8	0.000013
3354	1	2.64843E-8	0.000012
3361	1	2.64843E-8	0.000012
3373	1	2.64843E-8	0.000012
3374	1	2.64843E-8	0.000012
3389	1	2.64843E-8	0.000012
3405	2	5.29687E-8	0.000012
3407	1	2.64843E-8	0.000012
3409	2	5.29687E-8	0.000012
3412	1	2.64843E-8	0.000012
3415	1	2.64843E-8	0.000012
3416	1	2.64843E-8	0.000012
3422	1	2.64843E-8	0.000012
3427	1	2.64843E-8	0.000012
3428	1	2.64843E-8	0.000012
3432	1	2.64843E-8	0.000012
3437	1	2.64843E-8	0.000012
3442	1	2.64843E-8	0.000012
3448	1	2.64843E-8	0.000012
3450	1	2.64843E-8	0.000012
3451	1	2.64843E-8	0.000012
3456	1	2.64843E-8	0.000012
3460	1	2.64843E-8	0.000012
3463	2	5.29687E-8	0.000012
3465	1	2.64843E-8	0.000012
3469	1	2.64843E-8	0.000012
3479	1	2.64843E-8	0.000012
3482	1	2.64843E-8	0.000012
3492	1	2.64843E-8	0.000012
3493	1	2.64843E-8	0.000012
3496	1	2.64843E-8	0.000012
3499	3	7.9453E-8	0.000012
3505	1	2.64843E-8	0.000012
3515	1	2.64843E-8	0.000011
3529	1	2.64843E-8	0.000011
3538	2	5.29687E-8	0.000011
3550	1	2.64843E-8	0.000011
3553	1	2.64843E-8	0.000011
3577	1	2.64843E-8	0.000011
3588	1	2.64843E-8	0.000011
3589	1	2.64843E-8	0.000011
3590	1	2.64843E-8	0.000011
3602	1	2.64843E-8	0.000011
3603	1	2.64843E-8	0.000011
3620	1	2.64843E-8	0.000011
3625	1	2.64843E-8	0.000011
3632	2	5.29687E-8	0.000011
3634	1	2.64843E-8	0.000011
3638	1	2.64843E-8	0.000011
3645	1	2.64843E-8	0.000011
3647	1	2.64843E-8	0.000011
3651	1	2.64843E-8	0.000011
3656	1	2.64843E-8	0.000011
3657	1	2.64843E-8	0.000011
3661	1	2.64843E-8	0.000011
3663	1	2.64843E-8	0.000011
3690	1	2.64843E-8	0.000011
3696	1	2.64843E-8	0.000011
3700	1	2.64843E-8	0.000011
3713	1	2.64843E-8	0.000011
3722	1	2.64843E-8	0.000011
3729	1	2.64843E-8	0.000011
3732	1	2.64843E-8	0.000011
3736	1	2.64843E-8	0.000011
3741	1	2.64843E-8	0.000011
3743	1	2.64843E-8	0.000011
3745	1	2.64843E-8	0.000011
3765	2	5.29687E-8	0.000011
3766	2	5.29687E-8	0.00001
3776	1	2.64843E-8	0.00001
3779	1	2.64843E-8	0.00001
3785	1	2.64843E-8	0.00001
3798	1	2.64843E-8	0.00001
3813	1	2.64843E-8	0.00001
3839	1	2.64843E-8	0.00001
3848	1	2.64843E-8	0.00001
3850	1	2.64843E-8	0.00001
3851	2	5.29687E-8	0.00001
3852	1	2.64843E-8	0.00001
3876	1	2.64843E-8	0.00001
3882	1	2.64843E-8	0.00001
3889	1	2.64843E-8	0.00001
3904	1	2.64843E-8	0.00001
3911	1	2.64843E-8	0.00001
3913	1	2.64843E-8	0.00001
3932	1	2.64843E-8	9.9846E-6
3933	1	2.64843E-8	9.95811E-6
3936	1	2.64843E-8	9.93163E-6
3942	1	2.64843E-8	9.90514E-6
3977	1	2.64843E-8	9.87866E-6
3978	1	2.64843E-8	9.85217E-6
3994	1	2.64843E-8	9.82569E-6
4010	1	2.64843E-8	9.7992E-6
4014	1	2.64843E-8	9.77272E-6
4039	1	2.64843E-8	9.74624E-6
4042	1	2.64843E-8	9.71975E-6
4043	1	2.64843E-8	9.69327E-6
4058	1	2.64843E-8	9.66678E-6
4059	1	2.64843E-8	9.6403E-6
4062	1	2.64843E-8	9.61381E-6
4072	1	2.64843E-8	9.58733E-6
4088	1	2.64843E-8	9.56085E-6
4095	1	2.64843E-8	9.53436E-6
4099	1	2.64843E-8	9.50788E-6
4107	1	2.64843E-8	9.48139E-6
4108	1	2.64843E-8	9.45491E-6
4112	1	2.64843E-8	9.42842E-6
4117	1	2.64843E-8	9.40194E-6
4122	1	2.64843E-8	9.37546E-6
4126	1	2.64843E-8	9.34897E-6
4128	1	2.64843E-8	9.32249E-6
4130	1	2.64843E-8	9.296E-6
4153	1	2.64843E-8	9.26952E-6
4169	1	2.64843E-8	9.24303E-6
4172	1	2.64843E-8	9.21655E-6
4174	1	2.64843E-8	9.19007E-6
4191	1	2.64843E-8	9.16358E-6
4192	1	2.64843E-8	9.1371E-6
4204	1	2.64843E-8	9.11061E-6
4205	1	2.64843E-8	9.08413E-6
4211	1	2.64843E-8	9.05764E-6
4216	1	2.64843E-8	9.03116E-6
4225	1	2.64843E-8	9.00467E-6
4226	1	2.64843E-8	8.97819E-6
4232	2	5.29687E-8	8.95171E-6
4244	1	2.64843E-8	8.89874E-6
4252	1	2.64843E-8	8.87225E-6
4263	1	2.64843E-8	8.84577E-6
4281	1	2.64843E-8	8.81928E-6
4295	1	2.64843E-8	8.7928E-6
4300	1	2.64843E-8	8.76632E-6
4303	1	2.64843E-8	8.73983E-6
4306	1	2.64843E-8	8.71335E-6
4313	1	2.64843E-8	8.68686E-6
4341	1	2.64843E-8	8.66038E-6
4358	1	2.64843E-8	8.63389E-6
4360	1	2.64843E-8	8.60741E-6
4361	1	2.64843E-8	8.58093E-6
4377	1	2.64843E-8	8.55444E-6
4397	1	2.64843E-8	8.52796E-6
4405	1	2.64843E-8	8.50147E-6
4408	1	2.64843E-8	8.47499E-6
4422	1	2.64843E-8	8.4485E-6
4427	1	2.64843E-8	8.42202E-6
4438	1	2.64843E-8	8.39553E-6
4444	1	2.64843E-8	8.36905E-6
4462	1	2.64843E-8	8.34257E-6
4465	1	2.64843E-8	8.31608E-6
4479	1	2.64843E-8	8.2896E-6
4481	1	2.64843E-8	8.26311E-6
4499	1	2.64843E-8	8.23663E-6
4516	1	2.64843E-8	8.21014E-6
4521	1	2.64843E-8	8.18366E-6
4537	1	2.64843E-8	8.15718E-6
4539	1	2.64843E-8	8.13069E-6
4550	1	2.64843E-8	8.10421E-6
4551	1	2.64843E-8	8.07772E-6
4556	1	2.64843E-8	8.05124E-6
4561	1	2.64843E-8	8.02475E-6
4569	1	2.64843E-8	7.99827E-6
4572	1	2.64843E-8	7.97179E-6
4590	1	2.64843E-8	7.9453E-6
4604	1	2.64843E-8	7.91882E-6
4656	1	2.64843E-8	7.89233E-6
4673	1	2.64843E-8	7.86585E-6
4686	1	2.64843E-8	7.83936E-6
4690	1	2.64843E-8	7.81288E-6
4696	1	2.64843E-8	7.7864E-6
4702	1	2.64843E-8	7.75991E-6
4725	1	2.64843E-8	7.73343E-6
4739	1	2.64843E-8	7.70694E-6
4750	1	2.64843E-8	7.68046E-6
4785	1	2.64843E-8	7.65397E-6
4787	1	2.64843E-8	7.62749E-6
4799	1	2.64843E-8	7.601E-6
4809	1	2.64843E-8	7.57452E-6
4819	1	2.64843E-8	7.54804E-6
4820	1	2.64843E-8	7.52155E-6
4825	3	7.9453E-8	7.49507E-6
4847	1	2.64843E-8	7.41561E-6
4855	1	2.64843E-8	7.38913E-6
4874	1	2.64843E-8	7.36265E-6
4911	1	2.64843E-8	7.33616E-6
4929	1	2.64843E-8	7.30968E-6
4931	2	5.29687E-8	7.28319E-6
4968	1	2.64843E-8	7.23022E-6
4976	1	2.64843E-8	7.20374E-6
4981	1	2.64843E-8	7.17726E-6
4988	1	2.64843E-8	7.15077E-6
4993	1	2.64843E-8	7.12429E-6
4997	1	2.64843E-8	7.0978E-6
5003	1	2.64843E-8	7.07132E-6
5028	1	2.64843E-8	7.04483E-6
5045	1	2.64843E-8	7.01835E-6
5057	2	5.29687E-8	6.99187E-6
5063	1	2.64843E-8	6.9389E-6
5066	1	2.64843E-8	6.91241E-6
5078	1	2.64843E-8	6.88593E-6
5100	1	2.64843E-8	6.85944E-6
5101	1	2.64843E-8	6.83296E-6
5113	1	2.64843E-8	6.80647E-6
5115	1	2.64843E-8	6.77999E-6
5119	1	2.64843E-8	6.75351E-6
5144	1	2.64843E-8	6.72702E-6
5159	1	2.64843E-8	6.70054E-6
5168	1	2.64843E-8	6.67405E-6
5180	1	2.64843E-8	6.64757E-6
5182	1	2.64843E-8	6.62108E-6
5183	1	2.64843E-8	6.5946E-6
5216	1	2.64843E-8	6.56812E-6
5231	1	2.64843E-8	6.54163E-6
5236	1	2.64843E-8	6.51515E-6
5247	1	2.64843E-8	6.48866E-6
5265	1	2.64843E-8	6.46218E-6
5273	2	5.29687E-8	6.43569E-6
5284	1	2.64843E-8	6.38273E-6
5299	1	2.64843E-8	6.35624E-6
5303	1	2.64843E-8	6.32976E-6
5307	1	2.64843E-8	6.30327E-6
5315	1	2.64843E-8	6.27679E-6
5329	1	2.64843E-8	6.2503E-6
5385	1	2.64843E-8	6.22382E-6
5397	1	2.64843E-8	6.19733E-6
5408	1	2.64843E-8	6.17085E-6
5504	1	2.64843E-8	6.14437E-6
5520	2	5.29687E-8	6.11788E-6
5524	1	2.64843E-8	6.06491E-6
5538	1	2.64843E-8	6.03843E-6
5543	1	2.64843E-8	6.01194E-6
5554	1	2.64843E-8	5.98546E-6
5576	1	2.64843E-8	5.95898E-6
5587	1	2.64843E-8	5.93249E-6
5608	1	2.64843E-8	5.90601E-6
5619	1	2.64843E-8	5.87952E-6
5632	1	2.64843E-8	5.85304E-6
5633	1	2.64843E-8	5.82655E-6
5635	1	2.64843E-8	5.80007E-6
5651	1	2.64843E-8	5.77359E-6
5687	1	2.64843E-8	5.7471E-6
5688	1	2.64843E-8	5.72062E-6
5691	1	2.64843E-8	5.69413E-6
5715	1	2.64843E-8	5.66765E-6
5774	1	2.64843E-8	5.64116E-6
5818	1	2.64843E-8	5.61468E-6
5825	1	2.64843E-8	5.5882E-6
5845	1	2.64843E-8	5.56171E-6
5913	1	2.64843E-8	5.53523E-6
5947	1	2.64843E-8	5.50874E-6
5961	1	2.64843E-8	5.48226E-6
5994	1	2.64843E-8	5.45577E-6
5995	1	2.64843E-8	5.42929E-6
6016	1	2.64843E-8	5.4028E-6
6017	1	2.64843E-8	5.37632E-6
6031	1	2.64843E-8	5.34984E-6
6041	1	2.64843E-8	5.32335E-6
6046	1	2.64843E-8	5.29687E-6
6049	1	2.64843E-8	5.27038E-6
6052	1	2.64843E-8	5.2439E-6
6054	1	2.64843E-8	5.21741E-6
6068	1	2.64843E-8	5.19093E-6
6088	1	2.64843E-8	5.16445E-6
6162	1	2.64843E-8	5.13796E-6
6177	1	2.64843E-8	5.11148E-6
6203	2	5.29687E-8	5.08499E-6
6254	1	2.64843E-8	5.03202E-6
6258	1	2.64843E-8	5.00554E-6
6282	1	2.64843E-8	4.97906E-6
6337	1	2.64843E-8	4.95257E-6
6342	1	2.64843E-8	4.92609E-6
6345	1	2.64843E-8	4.8996E-6
6352	1	2.64843E-8	4.87312E-6
6355	1	2.64843E-8	4.84663E-6
6369	1	2.64843E-8	4.82015E-6
6374	1	2.64843E-8	4.79367E-6
6393	1	2.64843E-8	4.76718E-6
6398	1	2.64843E-8	4.7407E-6
6407	1	2.64843E-8	4.71421E-6
6421	1	2.64843E-8	4.68773E-6
6532	1	2.64843E-8	4.66124E-6
6565	1	2.64843E-8	4.63476E-6
6570	1	2.64843E-8	4.60827E-6
6571	1	2.64843E-8	4.58179E-6
6586	1	2.64843E-8	4.55531E-6
6610	1	2.64843E-8	4.52882E-6
6653	1	2.64843E-8	4.50234E-6
6664	2	5.29687E-8	4.47585E-6
6671	1	2.64843E-8	4.42288E-6
6681	1	2.64843E-8	4.3964E-6
6692	1	2.64843E-8	4.36992E-6
6730	1	2.64843E-8	4.34343E-6
6795	1	2.64843E-8	4.31695E-6
6894	1	2.64843E-8	4.29046E-6
6938	1	2.64843E-8	4.26398E-6
6965	1	2.64843E-8	4.23749E-6
6972	1	2.64843E-8	4.21101E-6
6997	1	2.64843E-8	4.18453E-6
7007	1	2.64843E-8	4.15804E-6
7015	1	2.64843E-8	4.13156E-6
7042	1	2.64843E-8	4.10507E-6
7067	1	2.64843E-8	4.07859E-6
7070	1	2.64843E-8	4.0521E-6
7117	1	2.64843E-8	4.02562E-6
7122	1	2.64843E-8	3.99913E-6
7126	1	2.64843E-8	3.97265E-6
7135	1	2.64843E-8	3.94617E-6
7141	1	2.64843E-8	3.91968E-6
7170	1	2.64843E-8	3.8932E-6
7269	1	2.64843E-8	3.86671E-6
7308	1	2.64843E-8	3.84023E-6
7340	1	2.64843E-8	3.81374E-6
7409	1	2.64843E-8	3.78726E-6
7449	1	2.64843E-8	3.76078E-6
7465	1	2.64843E-8	3.73429E-6
7508	1	2.64843E-8	3.70781E-6
7633	1	2.64843E-8	3.68132E-6
7651	1	2.64843E-8	3.65484E-6
7919	1	2.64843E-8	3.62835E-6
7981	1	2.64843E-8	3.60187E-6
8014	1	2.64843E-8	3.57539E-6
8016	1	2.64843E-8	3.5489E-6
8018	1	2.64843E-8	3.52242E-6
8024	1	2.64843E-8	3.49593E-6
8029	1	2.64843E-8	3.46945E-6
8158	1	2.64843E-8	3.44296E-6
8216	1	2.64843E-8	3.41648E-6
8231	1	2.64843E-8	3.39E-6
8253	1	2.64843E-8	3.36351E-6
8431	1	2.64843E-8	3.33703E-6
8488	1	2.64843E-8	3.31054E-6
8493	1	2.64843E-8	3.28406E-6
8510	1	2.64843E-8	3.25757E-6
8541	1	2.64843E-8	3.23109E-6
8659	1	2.64843E-8	3.2046E-6
8697	1	2.64843E-8	3.17812E-6
8847	1	2.64843E-8	3.15164E-6
8859	1	2.64843E-8	3.12515E-6
8915	1	2.64843E-8	3.09867E-6
8939	1	2.64843E-8	3.07218E-6
9043	1	2.64843E-8	3.0457E-6
9062	1	2.64843E-8	3.01921E-6
9067	1	2.64843E-8	2.99273E-6
9149	1	2.64843E-8	2.96625E-6
9157	1	2.64843E-8	2.93976E-6
9266	1	2.64843E-8	2.91328E-6
9322	1	2.64843E-8	2.88679E-6
9330	1	2.64843E-8	2.86031E-6
9336	1	2.64843E-8	2.83382E-6
9596	1	2.64843E-8	2.80734E-6
9753	1	2.64843E-8	2.78086E-6
9781	1	2.64843E-8	2.75437E-6
9825	1	2.64843E-8	2.72789E-6
9863	1	2.64843E-8	2.7014E-6
9908	1	2.64843E-8	2.67492E-6
9917	1	2.64843E-8	2.64843E-6
9926	1	2.64843E-8	2.62195E-6
9976	1	2.64843E-8	2.59547E-6
10037	1	2.64843E-8	2.56898E-6
10144	1	2.64843E-8	2.5425E-6
10199	1	2.64843E-8	2.51601E-6
10330	1	2.64843E-8	2.48953E-6
10331	1	2.64843E-8	2.46304E-6
10418	1	2.64843E-8	2.43656E-6
10482	1	2.64843E-8	2.41007E-6
10484	1	2.64843E-8	2.38359E-6
10507	1	2.64843E-8	2.35711E-6
10543	1	2.64843E-8	2.33062E-6
10601	1	2.64843E-8	2.30414E-6
10609	1	2.64843E-8	2.27765E-6
10614	1	2.64843E-8	2.25117E-6
10697	1	2.64843E-8	2.22468E-6
10698	1	2.64843E-8	2.1982E-6
10719	1	2.64843E-8	2.17172E-6
10752	1	2.64843E-8	2.14523E-6
10794	1	2.64843E-8	2.11875E-6
10852	1	2.64843E-8	2.09226E-6
10926	1	2.64843E-8	2.06578E-6
11128	1	2.64843E-8	2.03929E-6
11152	1	2.64843E-8	2.01281E-6
11204	1	2.64843E-8	1.98633E-6
11384	1	2.64843E-8	1.95984E-6
11480	1	2.64843E-8	1.93336E-6
11484	1	2.64843E-8	1.90687E-6
11507	1	2.64843E-8	1.88039E-6
11640	1	2.64843E-8	1.8539E-6
11680	1	2.64843E-8	1.82742E-6
11698	1	2.64843E-8	1.80093E-6
11714	1	2.64843E-8	1.77445E-6
11742	1	2.64843E-8	1.74797E-6
11798	1	2.64843E-8	1.72148E-6
11814	1	2.64843E-8	1.695E-6
12183	1	2.64843E-8	1.66851E-6
12197	1	2.64843E-8	1.64203E-6
12391	1	2.64843E-8	1.61554E-6
12418	1	2.64843E-8	1.58906E-6
12434	1	2.64843E-8	1.56258E-6
12522	1	2.64843E-8	1.53609E-6
12738	1	2.64843E-8	1.50961E-6
12780	1	2.64843E-8	1.48312E-6
12848	1	2.64843E-8	1.45664E-6
13126	1	2.64843E-8	1.43015E-6
13195	1	2.64843E-8	1.40367E-6
13362	1	2.64843E-8	1.37719E-6
13511	1	2.64843E-8	1.3507E-6
13559	1	2.64843E-8	1.32422E-6
13610	1	2.64843E-8	1.29773E-6
13918	1	2.64843E-8	1.27125E-6
13942	1	2.64843E-8	1.24476E-6
13967	1	2.64843E-8	1.21828E-6
14331	1	2.64843E-8	1.1918E-6
14348	1	2.64843E-8	1.16531E-6
15049	1	2.64843E-8	1.13883E-6
15163	1	2.64843E-8	1.11234E-6
15251	1	2.64843E-8	1.08586E-6
15583	1	2.64843E-8	1.05937E-6
15685	1	2.64843E-8	1.03289E-6
15848	1	2.64843E-8	1.0064E-6
16030	1	2.64843E-8	9.7992E-7
16042	1	2.64843E-8	9.53436E-7
16328	1	2.64843E-8	9.26952E-7
16583	1	2.64843E-8	9.00467E-7
16656	1	2.64843E-8	8.73983E-7
16661	1	2.64843E-8	8.47499E-7
16685	1	2.64843E-8	8.21014E-7
18276	1	2.64843E-8	7.9453E-7
18444	1	2.64843E-8	7.68046E-7
18697	1	2.64843E-8	7.41561E-7
19266	1	2.64843E-8	7.15077E-7
19292	1	2.64843E-8	6.88593E-7
19428	1	2.64843E-8	6.62108E-7
20507	1	2.64843E-8	6.35624E-7
20777	1	2.64843E-8	6.0914E-7
22137	1	2.64843E-8	5.82655E-7
22771	1	2.64843E-8	5.56171E-7
24030	1	2.64843E-8	5.29687E-7
24460	1	2.64843E-8	5.03202E-7
24643	1	2.64843E-8	4.76718E-7
25288	1	2.64843E-8	4.50234E-7
25645	1	2.64843E-8	4.23749E-7
26776	1	2.64843E-8	3.97265E-7
26802	1	2.64843E-8	3.70781E-7
27210	1	2.64843E-8	3.44296E-7
27385	1	2.64843E-8	3.17812E-7
27467	1	2.64843E-8	2.91328E-7
29594	1	2.64843E-8	2.64843E-7
29772	1	2.64843E-8	2.38359E-7
30316	1	2.64843E-8	2.11875E-7
34073	1	2.64843E-8	1.8539E-7
34287	1	2.64843E-8	1.58906E-7
36743	1	2.64843E-8	1.32422E-7
36871	1	2.64843E-8	1.05937E-7
37720	1	2.64843E-8	7.9453E-8
39152	1	2.64843E-8	5.29687E-8
39272	1	2.64843E-8	2.64843E-8
